servern/mothersucker.asc
ncols        300
nrows        120
xllcorner    14.349583333289
yllcorner    50.000416666669
cellsize     0.000833333333
NODATA_value 0
[rows 0 to 41 of 120, columns 188 to 281 of 300]
213 213 212 211 212 214 217 221 221 223 226 225 221 218 215 214 213 211 209 208 207 205 206 206 208 206 205 205 208 217 222 223 226 230 233 235 243 253 255 256 250 240 231 223 221 220 218 217 217 217 217 217 217 217 217 217 218 218 222 233 242 248 252 254 252 252 253 253 252 252 252 251 249 244 242 241 239 235 232 232 232 231 230 229 228 228 228 228 226 227 228 229 231 231
219 220 218 220 221 224 226 229 228 227 225 221 217 212 207 207 208 208 211 213 212 214 215 216 215 218 221 225 229 232 237 239 242 243 244 247 248 246 240 234 228 222 219 218 217 217 217 217 218 217 218 218 218 217 217 218 219 218 222 233 242 247 252 253 253 254 252 248 248 247 248 247 243 237 234 233 231 229 230 232 230 229 228 228 228 227 225 225 226 228 229 230 230 229
233 235 235 236 236 237 233 229 223 221 214 208 206 203 206 207 210 214 216 219 217 218 221 226 226 230 235 235 231 232 235 237 238 234 233 234 233 229 225 222 220 218 217 217 217 218 221 223 225 225 224 221 220 220 219 219 221 228 236 243 246 247 248 249 250 252 250 247 243 239 236 232 229 226 226 227 226 225 227 229 231 229 227 227 225 221 223 225 227 229 227 228 228 227
243 242 239 237 235 229 220 213 210 210 208 209 210 212 217 222 226 226 223 219 215 214 214 214 216 218 219 219 220 222 222 224 223 222 220 219 216 216 216 217 217 218 220 224 227 228 229 230 230 230 227 223 220 221 225 228 233 243 249 251 251 252 250 250 248 246 244 240 232 224 222 221 219 220 222 223 225 225 225 227 229 229 227 223 223 223 224 226 227 226 226 227 226 225
239 237 233 229 223 215 209 207 213 220 223 225 234 239 233 225 218 212 208 209 210 210 209 210 211 211 211 213 216 217 214 214 213 213 213 214 213 214 216 216 217 222 227 230 232 233 231 229 230 228 221 218 223 231 238 242 245 250 252 253 250 249 248 249 243 237 233 227 221 220 221 221 220 219 218 220 223 224 224 225 226 225 225 223 223 222 223 225 226 226 227 229 229 229
231 225 221 215 212 208 209 218 230 237 238 237 234 227 219 213 212 211 209 212 212 214 215 215 214 212 214 214 216 214 212 211 212 214 214 215 219 221 225 228 232 233 234 238 238 238 238 235 230 226 220 220 228 241 247 244 245 249 251 246 241 237 233 231 230 225 222 220 219 219 219 221 219 219 220 221 222 221 223 223 223 224 224 225 224 226 227 227 226 228 230 231 235 236
220 217 211 209 208 208 220 235 234 227 223 219 215 210 208 209 210 211 216 221 226 229 231 230 226 220 218 218 218 220 219 220 222 225 226 231 235 236 236 238 238 241 245 247 247 246 240 238 237 235 229 222 222 227 234 236 235 236 235 229 223 221 218 218 219 216 215 217 220 221 222 222 221 222 222 221 222 224 223 222 221 224 225 225 224 226 227 227 227 229 229 230 232 233
223 221 214 209 208 212 222 224 219 212 210 207 207 208 209 216 221 226 230 235 238 239 238 236 234 231 229 229 229 230 234 236 238 239 238 239 243 245 246 247 248 248 249 251 247 244 242 242 241 239 235 228 224 219 218 219 221 220 218 215 213 215 216 219 220 217 216 218 223 225 224 223 222 221 224 222 222 220 220 222 225 228 229 228 226 226 227 229 228 230 229 231 233 235
237 228 220 212 210 208 210 209 208 207 208 207 209 212 216 221 225 229 232 237 241 244 244 242 241 239 237 237 235 236 238 241 244 244 244 246 250 252 252 252 252 251 250 246 244 241 240 239 238 238 235 233 232 228 223 221 219 217 217 217 219 224 225 223 223 221 217 217 221 224 227 227 225 224 224 224 224 224 221 223 225 226 227 226 226 227 229 231 233 235 235 236 236 237
235 227 220 214 210 210 211 211 211 210 209 211 211 218 227 232 235 235 238 247 251 251 252 251 247 246 246 245 246 247 245 244 247 247 247 247 250 251 253 252 250 248 246 245 242 240 238 236 236 236 233 233 234 233 230 228 228 226 225 224 227 230 230 228 228 226 221 218 220 223 225 228 228 225 225 222 222 224 224 223 223 225 228 229 229 230 232 234 237 238 238 239 239 238
228 221 217 218 222 225 224 222 218 213 213 216 219 229 235 237 241 240 243 249 251 255 258 257 254 254 251 249 248 247 248 247 247 247 245 245 247 248 247 247 247 244 243 242 240 238 235 235 235 235 233 235 235 232 231 231 233 231 229 227 228 230 235 239 236 231 227 222 221 225 228 229 229 227 226 224 224 225 225 225 223 224 227 230 230 229 230 234 237 239 240 239 240 239
225 222 223 229 231 231 228 224 219 219 230 241 248 251 251 250 249 249 247 244 248 252 252 253 254 251 249 249 248 247 247 243 242 244 242 241 240 241 241 240 240 241 243 242 239 237 235 234 234 233 231 232 231 232 233 233 235 233 232 232 232 231 230 232 234 232 228 223 223 226 229 231 233 231 231 230 228 226 224 223 224 222 225 231 230 229 230 232 235 237 235 237 240 239
233 233 235 237 235 233 229 227 222 230 248 259 260 257 257 255 254 252 250 247 247 247 247 249 250 249 246 244 244 242 240 239 241 245 246 245 244 246 244 242 240 241 239 239 238 236 236 236 235 234 232 231 231 234 237 236 234 234 235 235 235 232 230 225 226 227 227 226 226 226 228 230 232 232 232 231 230 229 227 225 225 226 228 229 228 228 229 231 233 233 235 238 239 240
241 239 237 237 234 234 234 234 228 227 235 250 255 254 255 252 252 251 248 248 248 248 246 243 242 239 237 237 239 240 240 240 242 245 250 250 250 250 247 245 245 245 243 241 239 237 236 235 235 236 233 231 232 233 233 233 233 231 230 230 229 230 229 226 226 226 226 225 224 226 227 228 229 231 233 232 230 231 231 228 227 226 224 225 226 227 228 232 234 233 233 235 237 238
247 244 242 243 240 240 239 237 235 232 229 231 232 233 233 234 235 235 233 236 237 237 235 233 233 232 232 233 235 238 240 241 242 246 250 251 249 251 252 249 246 244 241 238 235 234 233 235 236 236 235 233 233 233 233 234 234 233 232 232 232 233 233 232 231 229 229 228 227 227 226 225 227 229 231 232 231 232 233 231 231 229 225 225 226 226 227 231 233 232 232 233 235 238
257 250 248 247 244 243 241 239 237 233 230 227 227 226 224 224 228 230 230 232 233 235 235 235 236 236 237 237 238 241 243 246 246 247 249 250 252 251 251 250 248 246 244 240 237 236 233 233 232 235 234 233 234 231 230 233 235 235 236 236 236 237 235 234 235 233 232 231 230 228 227 228 228 229 230 232 233 233 234 234 233 232 230 227 226 228 230 229 232 235 236 234 233 233
253 249 247 244 241 238 237 235 232 230 229 228 227 228 228 230 232 233 233 234 237 239 239 238 236 236 237 238 241 243 244 246 248 249 254 257 254 253 254 252 250 247 244 242 239 236 236 236 235 234 234 234 235 234 234 238 239 239 240 240 239 238 238 237 237 235 233 232 232 230 228 228 228 232 232 234 236 238 238 239 237 234 230 229 229 230 235 235 237 238 237 232 232 232
245 240 237 234 232 232 231 229 228 228 228 229 231 232 233 235 235 237 238 239 239 239 239 238 237 237 238 241 243 245 246 248 247 250 257 256 253 253 254 253 250 249 247 245 243 240 238 239 238 238 237 236 234 236 238 238 241 243 241 240 241 240 239 237 236 236 235 233 232 230 228 227 231 235 234 236 240 242 241 240 239 233 233 232 231 232 234 234 235 235 233 232 232 232
237 235 235 233 230 230 229 228 229 232 232 232 232 234 235 235 235 237 238 237 238 237 240 242 238 237 239 242 243 245 248 249 248 249 251 250 250 252 254 253 251 250 249 248 246 244 242 240 240 240 238 238 239 239 240 240 240 241 241 240 239 239 240 238 236 235 234 232 232 231 229 226 232 236 237 240 244 244 244 243 239 238 238 236 235 234 236 235 234 233 232 233 233 232
236 235 233 233 231 230 230 229 230 233 231 232 232 232 233 233 233 233 236 239 240 242 244 248 242 237 238 241 242 244 246 248 249 250 252 252 254 256 255 255 254 253 251 250 250 247 243 241 242 241 240 240 240 240 238 239 239 239 240 237 236 236 236 236 235 235 234 234 233 231 229 233 236 237 241 243 245 245 244 243 241 242 243 242 240 239 240 238 236 235 233 232 231 232
239 237 232 230 231 230 231 230 231 232 230 231 231 231 231 231 230 231 233 234 234 236 236 236 238 237 239 240 240 241 243 245 245 249 254 257 260 258 255 256 257 255 254 251 250 249 247 245 244 244 242 241 241 240 239 238 237 237 237 236 234 234 234 234 234 234 234 231 230 229 231 236 239 240 240 241 243 244 243 243 243 244 245 244 242 241 241 240 238 235 234 232 230 230
237 237 234 233 233 229 231 234 235 235 232 230 230 232 232 233 233 230 231 233 234 235 237 237 236 237 240 241 239 240 243 245 246 249 252 256 258 255 256 255 254 256 256 255 253 251 250 246 245 245 244 243 241 239 237 237 236 237 236 236 233 232 232 231 232 232 232 230 229 229 234 238 242 244 246 248 245 244 242 242 243 243 243 242 242 240 240 239 236 235 234 232 231 232
240 242 238 235 235 234 234 237 235 234 232 232 232 232 235 238 237 233 233 236 236 236 240 238 239 243 243 243 242 244 245 247 251 252 253 254 255 255 255 256 256 256 257 258 255 252 251 249 248 246 243 242 240 239 239 238 238 237 235 234 233 231 231 232 231 232 231 230 228 229 235 237 239 240 242 243 241 241 241 240 239 238 238 238 238 237 238 238 237 235 235 234 233 233
240 238 237 237 237 234 232 231 231 232 231 232 235 235 235 236 237 238 238 241 244 245 242 242 244 245 245 246 247 245 244 247 250 253 253 253 254 256 258 258 256 255 254 256 257 255 255 254 252 249 245 241 240 239 239 238 237 235 235 233 233 233 233 232 228 229 230 228 228 229 232 233 231 232 233 234 234 233 234 235 235 236 235 234 235 236 239 239 238 236 236 236 236 235
236 235 236 234 234 232 231 230 230 231 231 233 235 236 235 239 247 244 240 241 241 243 242 242 243 244 245 246 247 246 245 248 251 253 254 254 254 257 258 257 258 258 258 259 258 255 252 253 252 247 243 241 237 236 239 238 237 236 235 234 235 233 233 230 229 229 229 230 230 229 234 235 231 232 232 231 230 230 230 233 232 232 233 234 235 236 238 237 237 236 236 235 235 237
234 234 235 234 232 231 233 232 233 233 234 237 237 235 235 238 241 240 240 242 242 242 242 243 244 246 247 248 245 244 246 249 253 254 255 255 253 256 259 257 263 269 265 261 255 253 252 250 248 244 243 241 238 238 238 238 237 235 233 233 234 234 234 232 231 230 231 232 230 231 233 231 230 231 232 232 231 231 231 232 232 231 233 235 237 238 239 239 238 239 239 237 237 238
235 235 235 236 234 233 233 235 236 235 235 238 236 236 237 238 238 240 240 242 241 239 240 244 244 246 246 246 247 247 249 251 256 256 255 256 255 257 259 258 259 262 262 260 255 253 251 248 247 243 241 241 239 239 239 240 238 236 233 234 234 232 231 231 233 234 233 232 231 232 231 231 232 233 234 231 230 231 230 230 232 233 233 234 236 238 238 241 242 240 241 242 241 241
236 235 234 234 233 232 231 232 233 235 237 235 235 236 237 237 236 237 239 239 239 239 240 241 243 246 247 249 250 251 254 254 254 254 254 256 257 259 261 262 262 260 259 259 257 254 252 251 249 245 243 241 241 239 237 238 237 235 233 235 233 231 231 232 232 233 232 234 234 233 233 234 236 234 232 231 231 232 232 233 234 237 237 237 238 241 240 242 244 246 247 246 244 243
234 230 230 231 232 232 231 232 232 232 234 235 236 237 237 238 237 240 241 238 239 238 240 243 243 247 248 251 253 254 256 257 256 257 258 259 260 261 261 262 264 261 261 260 258 256 254 253 250 247 245 243 242 241 239 238 237 234 233 235 233 231 232 232 233 234 234 233 233 235 236 236 237 236 234 234 235 234 234 234 235 238 240 241 244 246 244 243 246 248 246 246 245 245
228 228 229 229 230 230 229 231 232 234 236 235 236 238 236 236 236 238 239 239 238 239 240 242 245 248 250 252 255 254 258 260 263 266 262 259 260 262 263 264 264 262 262 262 260 259 256 253 252 247 246 243 243 244 243 240 238 235 234 235 236 234 236 234 234 235 235 235 235 237 237 237 237 236 236 236 236 235 236 237 240 241 244 246 247 247 249 250 251 252 249 247 248 247
227 228 230 231 231 230 231 232 233 235 238 240 241 240 239 241 241 240 241 242 243 244 248 251 253 255 256 258 261 261 261 262 262 264 265 264 264 263 264 264 262 264 264 263 261 258 253 251 250 251 250 247 246 243 242 241 239 238 237 236 236 235 236 235 235 235 236 237 239 240 241 242 243 240 239 239 237 237 238 240 243 243 246 246 246 248 251 250 249 250 250 248 247 246
228 230 231 232 232 233 235 237 237 238 240 242 240 237 239 239 243 248 249 250 247 249 258 257 257 261 266 267 264 262 263 263 264 266 267 266 266 264 266 267 264 262 259 256 254 254 254 254 252 250 249 248 245 243 243 242 239 238 238 238 238 237 238 238 237 238 239 240 244 245 244 244 245 243 242 243 241 238 239 241 242 242 244 245 246 248 249 250 250 251 251 249 249 249
231 232 233 234 235 237 239 239 238 237 237 236 237 237 240 246 248 248 249 253 253 257 262 266 267 266 267 267 264 263 264 265 266 266 266 266 263 262 264 261 257 254 254 258 258 256 256 256 252 249 251 251 249 248 246 245 244 242 241 240 240 241 241 240 240 241 241 243 246 247 247 248 247 243 243 243 242 241 240 241 243 242 244 246 249 251 252 253 254 254 253 252 252 253
235 234 236 239 239 239 238 238 240 240 237 238 243 248 247 251 253 252 255 260 260 263 264 265 265 265 265 265 264 265 263 264 265 266 265 261 258 258 258 256 257 259 259 257 256 256 254 253 250 250 251 249 247 247 246 244 244 244 242 241 243 245 246 247 246 244 242 245 247 247 247 248 249 247 245 244 243 242 244 247 248 248 248 249 250 251 253 255 256 255 254 254 254 254
236 235 238 242 241 238 237 236 238 239 241 245 249 252 253 256 258 257 258 260 264 265 263 263 264 264 264 265 269 267 264 263 263 261 261 260 258 258 258 258 260 259 258 257 256 254 252 253 251 249 249 249 248 245 243 243 243 243 244 244 244 247 250 251 251 251 249 248 249 250 250 249 248 249 247 245 245 245 248 250 253 253 252 253 254 254 255 257 256 256 257 256 255 255
234 234 236 237 238 237 238 238 238 238 244 248 251 253 255 258 259 259 259 261 262 263 262 263 265 264 263 263 262 262 260 257 257 256 256 259 258 258 256 258 258 256 255 256 253 250 250 249 249 247 247 248 246 245 244 245 246 245 246 248 250 254 255 254 254 254 254 252 252 251 250 248 248 248 247 247 246 245 245 248 253 256 255 256 256 255 255 256 256 256 257 258 257 256
235 233 233 236 235 238 239 241 240 241 247 249 253 253 254 257 261 262 262 261 261 262 263 262 263 262 261 263 262 260 259 260 260 257 254 255 259 258 256 254 253 253 253 253 251 250 249 250 249 248 248 248 247 248 248 247 249 251 252 255 256 256 259 256 254 256 256 253 252 250 249 251 249 247 247 246 246 246 245 245 245 245 248 251 254 252 253 254 256 257 258 258 258 258
238 236 238 240 240 242 241 241 241 242 245 249 252 252 253 256 260 262 260 260 262 259 259 259 258 259 261 265 266 260 258 258 258 258 257 256 255 255 253 254 252 252 251 253 252 252 252 250 249 250 251 251 250 249 251 253 256 258 263 267 263 259 259 259 260 258 255 255 254 251 252 252 251 249 249 247 245 247 246 245 245 245 245 245 247 251 251 252 255 257 259 260 259 259
242 242 244 244 244 247 243 242 241 241 243 246 249 250 251 253 256 259 262 263 261 260 260 259 260 261 264 266 265 262 260 258 256 257 257 257 257 257 255 257 257 255 254 255 254 254 256 254 253 253 255 256 257 257 261 265 269 272 274 275 270 264 263 263 264 262 256 256 256 253 251 251 252 251 249 247 245 246 245 245 245 245 245 245 245 247 250 253 255 258 259 258 258 258
249 248 248 249 246 248 249 247 244 241 241 245 249 253 253 253 255 256 257 260 263 263 264 264 263 264 264 264 265 263 262 260 260 261 261 260 261 259 259 260 257 258 258 256 254 256 257 259 260 258 258 261 263 263 264 266 269 268 267 267 266 264 264 263 261 259 258 256 254 252 252 252 252 252 250 246 246 246 246 246 247 246 245 246 246 248 250 253 254 256 257 258 261 261
252 252 251 252 254 252 254 253 247 244 243 245 249 251 251 252 256 258 259 258 261 263 265 265 263 265 266 266 267 268 267 266 265 264 266 267 266 263 260 260 259 258 257 257 255 258 260 261 261 262 263 264 264 263 262 264 264 262 261 263 264 263 260 258 256 254 252 251 252 253 252 252 251 250 247 247 247 247 247 247 247 248 246 246 247 247 248 248 251 254 254 255 258 260
251 252 252 254 258 256 253 252 251 249 249 247 247 250 251 253 256 258 257 256 256 257 260 262 263 266 268 268 268 269 268 267 266 267 269 271 266 264 263 262 262 261 261 262 262 263 263 262 262 262 262 260 259 261 262 261 260 259 258 260 257 257 257 255 253 251 250 249 249 252 251 249 250 249 249 248 248 248 248 248 248 248 248 248 248 248 249 251 252 255 256 258 258 262
