servern/mothersucker.asc
ncols        300
nrows        120
xllcorner    14.349583333289
yllcorner    50.000416666669
cellsize     0.000833333333
NODATA_value 0
[rows 42 to 83 of 120, columns 0 to 93 of 300]
285 285 290 296 300 299 298 305 309 312 311 310 309 309 307 307 305 301 298 293 291 297 301 305 307 307 305 305 306 304 298 292 278 257 248 250 257 265 273 281 286 289 289 290 291 293 293 291 285 279 277 273 271 269 267 264 259 252 250 249 244 238 231 222 210 198 195 195 197 197 196 195 196 194 193 192 196 187 191 197 216 227 227 228 226 225 221 209 201 200 204 205 203 203
306 306 312 313 312 310 307 306 310 316 316 316 318 318 316 315 313 311 311 310 308 309 310 307 307 308 306 305 303 298 291 276 260 252 252 261 273 282 287 291 294 294 294 295 296 298 300 300 295 290 289 285 282 279 275 277 273 266 263 262 261 259 257 247 232 207 196 196 196 196 195 195 197 196 193 192 191 178 188 199 219 228 232 235 233 230 229 222 214 206 207 211 215 210
315 317 326 329 326 321 318 318 316 319 322 322 322 322 319 317 316 316 316 317 317 316 314 310 303 299 294 289 285 276 269 262 260 266 268 273 275 284 291 296 298 299 298 297 298 298 298 297 297 298 296 290 285 277 273 268 262 258 261 266 271 270 265 253 239 216 201 197 196 196 193 196 197 194 190 189 188 189 200 200 210 224 230 230 229 229 227 226 223 218 216 217 223 228
322 326 331 334 333 331 329 326 324 323 325 327 327 327 324 323 322 321 321 320 319 315 308 305 303 301 296 289 286 276 268 273 277 278 283 283 279 280 284 292 295 296 298 298 297 297 295 292 290 290 285 281 274 263 255 248 241 239 247 261 265 256 245 233 221 211 204 200 198 198 195 195 196 192 190 191 190 190 193 194 194 201 209 214 217 224 228 230 228 226 229 232 237 241
339 344 348 351 351 351 345 342 343 344 342 339 337 333 333 333 328 327 327 326 325 322 319 317 314 313 307 293 282 273 270 270 272 278 284 286 287 288 290 293 296 299 299 300 299 295 293 290 286 281 275 271 264 260 251 242 236 231 227 230 229 225 220 213 212 212 209 204 199 196 195 196 196 195 193 191 190 193 200 211 196 189 195 203 205 210 217 227 231 233 234 240 247 249
358 363 367 367 368 367 365 364 362 361 359 356 353 351 351 350 347 344 344 342 338 334 327 326 321 315 302 289 275 270 269 268 270 276 283 286 289 292 295 297 297 298 297 292 285 280 281 284 285 284 281 276 269 253 236 228 225 222 223 223 223 224 224 225 225 224 219 207 199 196 198 198 195 192 192 191 190 192 197 204 194 188 190 194 198 203 211 230 236 237 239 241 247 246
372 372 373 369 369 368 367 367 369 370 366 363 360 358 360 361 357 356 355 354 352 347 338 329 318 303 292 285 279 273 271 270 272 275 278 283 287 292 296 298 298 296 290 279 270 262 263 267 271 270 268 261 246 234 231 233 236 242 246 240 237 239 240 243 246 243 229 214 201 195 195 194 194 192 188 191 190 191 194 197 189 188 187 193 199 202 212 226 235 240 244 247 249 246
371 369 367 368 368 368 369 369 369 370 369 366 364 364 363 362 364 362 360 356 352 340 324 313 305 291 284 280 279 279 281 282 282 283 284 286 287 290 290 289 286 280 275 265 257 250 247 247 244 243 242 240 237 237 245 262 272 278 279 275 273 270 265 264 265 259 240 215 200 195 194 194 193 191 188 191 191 191 192 188 197 191 188 190 200 203 205 211 219 231 236 242 243 246
362 361 362 364 365 366 367 367 366 366 368 369 365 363 363 361 363 362 358 355 346 329 310 300 295 292 288 287 284 284 289 293 293 290 289 288 283 280 274 271 266 262 258 252 250 247 246 245 244 243 241 240 244 253 274 287 292 293 292 291 288 285 283 280 275 267 244 217 202 196 193 193 192 191 189 189 190 191 195 194 206 197 192 194 201 203 206 210 214 218 220 226 230 234
349 352 354 354 356 359 361 361 361 360 361 361 362 359 359 358 358 357 350 341 331 317 303 295 290 289 288 288 287 286 286 290 294 296 294 290 280 271 265 262 261 259 259 259 259 260 259 255 253 251 248 250 255 259 270 284 293 297 298 296 293 292 289 288 280 267 246 230 209 196 191 192 192 191 189 188 190 192 191 206 203 195 193 194 196 199 205 209 213 216 216 221 224 226
338 340 340 340 339 342 344 344 346 345 346 347 345 344 345 346 344 339 330 322 316 310 300 291 288 287 287 289 287 285 285 286 284 284 283 279 274 270 268 268 268 271 274 272 270 272 269 265 263 265 264 266 266 262 266 271 280 287 290 290 289 287 286 282 277 269 240 221 208 197 193 192 192 190 189 188 189 187 192 219 213 194 192 195 199 200 206 211 216 222 226 229 231 234
331 330 331 330 329 332 333 330 332 335 336 337 335 334 333 332 332 329 323 318 313 308 299 293 292 293 291 291 290 286 285 283 280 279 280 279 276 275 279 280 277 280 281 281 280 278 277 279 279 279 278 276 276 273 272 275 276 278 277 276 275 270 264 262 259 250 229 216 210 199 195 193 192 189 187 188 192 194 209 223 204 193 192 194 197 202 206 213 222 233 239 240 243 245
326 325 324 324 323 325 326 324 324 326 326 325 325 324 325 325 324 322 323 325 324 317 312 306 303 300 300 299 296 293 293 289 287 287 290 290 289 287 289 289 287 288 291 290 289 289 290 289 291 292 289 288 288 286 286 287 287 287 286 281 273 266 258 251 242 232 217 211 208 199 195 194 193 189 189 191 190 206 219 190 186 187 190 193 198 204 211 219 225 231 240 244 247 247
326 325 322 320 320 320 321 320 319 317 317 316 315 318 319 318 317 318 320 325 326 323 320 320 312 307 309 310 309 308 305 296 293 292 295 299 303 301 301 299 299 303 303 301 300 302 301 299 299 300 301 302 300 299 298 300 300 298 297 291 286 280 273 266 253 236 218 211 209 200 195 196 196 191 189 191 192 203 212 192 190 188 191 198 204 208 218 229 238 240 242 247 249 248
326 325 322 320 320 318 318 317 315 314 313 312 312 314 312 312 313 315 315 317 321 320 319 319 314 312 314 316 316 316 315 310 306 306 308 311 313 310 313 313 312 314 315 315 315 313 311 310 314 316 316 317 317 315 313 311 308 303 302 302 299 293 286 279 267 250 232 216 210 205 198 194 194 191 190 194 193 208 206 193 192 193 195 201 208 213 221 231 240 244 247 250 249 249
329 327 324 320 319 318 315 311 312 312 310 308 308 307 308 308 309 310 313 315 315 311 313 316 313 314 316 318 318 318 321 322 324 325 327 326 324 322 323 323 323 326 328 327 327 327 325 326 327 326 327 327 323 322 321 318 312 307 307 309 300 294 288 279 269 256 246 234 216 204 197 195 194 190 187 191 198 198 193 190 189 192 201 209 221 226 232 240 245 246 249 253 253 253
327 325 321 320 318 317 317 315 312 311 309 307 307 305 304 303 303 305 307 308 307 307 307 308 309 312 315 317 318 319 321 324 326 330 332 330 331 330 330 330 330 330 329 329 332 331 330 333 331 330 330 328 325 323 321 316 312 309 304 303 300 295 292 282 278 272 255 235 221 206 197 195 194 191 187 187 191 189 190 191 194 199 202 211 232 245 247 251 253 253 255 258 259 259
324 319 319 319 318 316 314 313 312 310 310 309 309 306 304 303 302 301 300 300 301 302 304 307 309 312 315 317 319 320 322 324 327 331 332 332 332 333 334 335 334 332 332 330 331 332 332 332 331 329 329 328 325 323 320 318 316 314 308 305 302 298 298 295 292 288 269 242 222 206 198 195 193 193 192 185 186 188 189 192 196 198 203 222 246 254 258 258 259 260 261 264 264 262
324 322 320 318 317 315 312 310 309 308 308 307 305 302 302 301 301 301 301 299 300 302 304 306 310 313 316 319 321 323 325 326 329 330 331 332 333 333 333 333 333 333 332 331 330 328 330 329 326 327 327 325 325 323 321 318 316 311 306 303 300 299 295 290 287 282 273 253 228 209 201 198 194 192 189 191 188 189 191 194 204 217 230 249 257 256 260 263 261 261 270 274 272 268
322 323 319 315 314 312 309 308 307 306 306 305 303 302 301 301 300 301 300 299 300 304 307 313 317 319 320 324 327 327 328 329 330 331 331 331 332 332 331 331 331 330 330 327 329 329 328 327 326 324 323 323 322 319 317 316 314 310 304 299 297 295 291 290 285 276 265 245 225 211 203 196 192 188 187 183 187 192 193 197 208 233 249 259 260 261 261 260 259 261 263 266 266 265
322 321 315 312 311 312 311 308 305 303 304 304 302 302 300 297 296 296 295 296 301 309 316 319 323 325 325 326 329 329 328 329 329 329 327 327 327 328 327 327 327 326 326 325 325 325 326 324 323 321 320 318 319 317 314 313 310 306 302 299 298 294 290 288 284 278 261 238 221 212 205 197 192 191 182 181 187 192 196 201 211 235 251 263 263 261 258 254 251 247 246 247 250 255
318 316 313 311 311 312 310 306 304 303 300 300 297 295 294 291 293 297 299 301 314 323 325 326 326 327 328 328 327 327 326 325 324 326 326 324 323 322 322 324 324 323 324 325 322 322 321 320 319 318 317 314 313 312 308 307 306 303 299 295 292 295 294 289 283 271 252 235 220 211 207 200 192 188 190 189 190 192 195 201 215 232 243 253 259 259 255 247 236 235 239 245 251 255
312 312 311 309 306 306 306 306 306 303 301 298 297 294 291 292 303 318 323 319 319 323 324 325 324 322 321 322 323 322 323 323 320 320 321 321 319 319 319 320 319 319 322 322 320 319 318 317 316 315 312 309 308 307 306 305 303 302 302 293 284 283 283 277 265 252 242 231 220 209 202 196 191 186 188 191 190 193 196 200 205 215 223 230 234 235 231 227 229 235 242 249 256 261
300 300 297 297 299 299 300 300 299 297 296 294 294 290 292 300 311 322 326 323 324 320 320 321 320 319 319 316 315 317 316 317 316 317 319 319 317 315 315 315 317 318 318 317 316 315 311 310 309 308 308 306 302 296 294 292 289 284 280 274 263 260 258 251 243 235 231 220 210 202 197 194 192 194 193 194 193 195 200 204 205 206 207 211 213 214 215 220 228 236 246 252 258 262
282 283 283 281 281 281 280 282 284 287 289 291 291 295 304 311 314 319 319 317 317 313 314 315 318 317 318 315 303 291 291 296 301 308 315 319 319 315 312 313 313 314 313 311 307 305 305 303 301 297 296 290 277 265 262 269 270 265 259 254 249 246 242 237 231 226 223 216 206 198 194 193 194 191 192 194 195 198 206 210 211 210 209 211 212 211 212 216 222 230 237 242 247 252
279 282 281 273 270 272 277 285 293 298 301 303 307 313 316 318 318 317 315 314 312 312 315 314 314 312 307 302 294 282 276 276 281 292 304 312 318 316 309 308 303 300 299 294 286 281 279 280 279 272 272 268 259 247 244 251 255 253 251 251 251 252 250 246 242 237 231 219 201 195 195 194 192 189 192 197 204 216 224 226 223 222 221 221 221 222 219 218 220 222 226 231 235 240
280 280 280 275 275 281 283 285 285 284 285 293 306 313 316 315 313 312 309 307 308 311 313 312 309 303 298 288 277 267 266 277 293 305 309 312 311 306 296 285 280 285 282 272 266 261 257 258 255 250 250 244 231 226 232 240 249 253 256 258 259 257 252 246 237 223 209 199 196 197 193 190 190 192 197 202 216 234 244 247 244 242 237 234 235 233 232 228 226 225 226 228 231 235
289 289 288 283 275 271 266 262 263 267 279 293 308 313 312 310 309 308 306 304 303 301 298 293 285 276 269 261 251 247 268 294 296 298 296 290 283 276 264 254 255 262 257 251 249 246 238 233 233 231 225 220 215 213 213 219 223 226 231 235 237 240 238 228 210 199 195 193 192 192 191 194 195 195 201 213 232 250 257 257 252 253 253 250 249 246 243 239 234 232 235 242 244 244
297 295 291 282 271 262 263 268 278 288 297 304 308 309 308 308 307 304 303 297 293 287 280 270 261 248 241 240 237 239 257 275 272 264 258 252 243 236 230 234 241 239 233 227 227 226 224 221 219 219 216 214 213 210 208 209 209 209 209 212 220 229 224 208 198 194 194 195 196 192 194 193 193 199 207 226 250 260 259 259 260 261 261 263 261 258 253 247 241 240 244 252 258 257
300 292 281 267 262 268 283 300 309 310 308 307 304 301 302 301 296 290 288 278 266 258 254 247 244 248 259 264 261 250 243 242 238 236 233 235 234 229 226 225 225 222 220 217 217 217 217 220 221 223 221 221 218 215 212 210 209 207 207 209 215 224 221 206 195 194 195 199 196 190 198 196 194 201 217 237 248 252 256 260 262 265 266 267 265 262 258 252 248 247 250 255 263 266
297 289 276 261 262 283 300 308 311 312 304 293 278 273 274 275 272 262 252 248 249 253 262 271 278 286 286 282 280 275 265 256 251 256 261 267 266 254 240 232 224 222 224 227 226 223 227 232 228 228 227 225 223 219 216 215 211 210 209 211 217 223 214 202 199 203 199 196 192 190 192 192 195 199 206 221 233 247 259 264 268 269 267 265 262 262 261 259 258 256 257 260 265 271
288 285 279 269 261 267 285 298 300 300 290 270 254 251 255 254 251 247 252 265 274 283 293 300 303 305 305 302 300 298 295 290 285 285 285 285 279 273 267 260 257 254 252 248 248 244 242 243 241 237 233 228 226 227 222 216 209 210 213 217 213 206 200 197 204 203 195 190 192 189 190 193 196 198 200 213 236 253 262 264 259 254 250 252 259 263 265 264 265 265 264 265 267 268
303 299 291 285 279 268 263 269 268 265 261 253 247 253 265 271 275 280 287 295 300 303 306 309 310 312 309 306 307 307 305 301 299 297 296 294 289 284 285 284 283 279 273 268 265 263 260 258 256 253 249 244 238 237 229 214 209 210 211 210 203 199 201 209 209 195 188 183 187 193 193 191 197 198 199 207 217 229 238 239 237 236 241 251 259 264 268 270 270 270 267 267 267 264
310 302 294 291 289 283 275 271 265 260 256 250 247 255 269 280 286 290 294 300 303 306 309 312 312 312 311 310 309 306 304 302 300 297 298 297 292 294 297 295 294 290 286 281 279 278 275 273 271 264 261 259 253 246 231 212 205 206 206 205 209 218 225 221 204 192 180 179 182 191 194 195 197 197 198 201 209 212 215 220 231 241 253 261 265 267 268 266 264 262 260 258 254 252
309 300 293 289 284 273 268 265 258 255 254 260 263 262 265 271 275 277 280 287 291 297 302 307 309 311 313 312 311 311 312 310 307 307 304 302 302 303 302 303 301 295 293 293 289 286 284 281 280 276 271 269 266 258 248 231 220 214 220 230 238 242 235 209 195 186 180 192 186 191 198 197 197 197 197 199 203 204 209 220 236 250 257 259 261 261 258 254 249 246 240 234 233 230
290 275 268 265 260 258 255 257 260 265 276 286 286 277 271 273 272 274 277 280 282 286 293 303 307 309 312 310 311 314 316 317 314 314 313 309 308 308 307 306 303 298 298 296 295 292 290 289 286 280 277 272 270 261 253 243 238 241 252 261 261 252 238 206 192 189 184 194 195 194 196 195 196 198 198 199 200 200 205 214 228 241 243 240 239 238 236 230 227 222 217 212 210 208
271 263 270 284 289 287 284 289 293 294 295 295 295 294 292 292 291 291 289 288 287 290 293 295 297 302 306 311 315 318 320 318 315 315 314 313 314 313 311 308 306 307 305 302 300 300 297 293 293 291 284 274 263 252 246 248 252 264 280 280 266 250 222 191 189 188 187 186 190 191 192 192 195 196 198 199 198 198 201 208 213 216 220 222 222 220 215 213 211 208 206 204 203 203
268 261 271 290 298 297 299 303 303 303 301 298 298 300 301 301 301 300 299 296 294 298 301 301 302 305 308 314 319 318 318 320 321 320 320 319 321 318 312 309 310 310 310 311 306 303 301 300 298 288 281 273 270 263 261 270 282 292 293 276 251 227 203 190 186 185 185 187 188 189 192 193 193 194 196 196 196 197 199 203 209 210 213 215 212 208 203 201 201 200 202 204 205 206
269 266 272 280 288 294 300 301 303 305 307 307 307 309 308 307 307 307 306 304 304 303 303 305 310 313 313 314 317 319 323 324 326 327 331 327 323 319 317 316 314 314 315 312 310 308 306 302 298 291 290 292 293 291 293 297 298 295 286 261 228 202 192 187 186 187 189 192 191 190 192 194 194 200 200 194 193 194 195 199 203 205 204 202 200 198 200 199 199 202 204 206 206 207
277 279 281 284 289 294 299 301 305 308 311 311 311 311 312 311 311 310 309 310 310 307 308 310 314 315 315 317 322 325 328 328 329 329 328 328 326 323 321 320 318 317 317 315 314 313 310 309 308 305 304 304 304 304 302 295 293 284 265 235 204 192 188 187 187 191 195 195 192 191 193 195 194 194 194 194 195 194 195 199 202 203 203 200 203 203 203 204 208 209 210 214 215 215
283 282 287 292 294 300 304 306 307 309 310 312 314 316 315 313 313 315 314 313 314 315 314 316 318 320 322 323 327 328 331 332 332 330 331 331 330 331 326 326 322 319 318 320 321 320 319 317 315 313 311 309 306 302 293 286 277 261 237 209 193 185 186 188 189 192 194 193 192 194 194 194 195 195 196 198 201 202 202 203 205 206 207 208 209 211 211 213 215 217 218 222 225 227
298 296 294 295 296 301 305 308 310 313 314 314 317 318 317 318 319 320 321 320 319 319 322 326 325 323 323 327 330 331 333 331 330 332 331 332 330 329 327 327 326 323 325 327 325 326 324 322 317 315 312 309 303 297 288 275 262 238 209 191 187 186 184 190 194 191 190 192 193 194 195 197 197 198 201 207 214 216 215 213 209 211 212 213 214 215 217 218 223 226 224 226 230 233
