servern/mothersucker.asc
ncols        300
nrows        120
xllcorner    14.349583333289
yllcorner    50.000416666669
cellsize     0.000833333333
NODATA_value 0
[rows 42 to 83 of 120, columns 94 to 187 of 300]
203 206 208 208 202 202 201 199 199 197 198 198 200 202 201 201 202 203 202 202 202 203 203 203 205 205 205 206 207 207 205 204 204 203 205 205 207 208 208 211 212 211 213 215 218 222 225 225 227 225 222 224 227 226 226 227 225 223 222 222 223 223 224 225 225 225 227 228 230 232 233 233 231 228 229 229 230 231 232 233 234 235 236 237 238 238 239 241 242 244 246 247 248 249
211 214 220 221 211 214 218 214 211 209 205 206 207 209 209 206 205 207 206 207 205 205 203 202 202 202 204 205 206 207 206 207 205 202 203 205 206 206 207 210 213 214 216 225 230 234 233 231 234 232 227 226 227 229 232 234 233 230 228 225 227 226 227 226 226 226 226 227 228 229 229 229 230 230 231 230 232 233 234 233 233 233 234 235 237 238 238 239 240 242 243 244 245 245
233 236 236 237 235 230 230 228 228 229 228 221 217 215 215 214 212 211 210 210 207 209 208 204 205 205 205 203 205 205 205 207 207 204 205 205 206 208 209 210 214 217 229 235 235 236 236 237 237 236 231 228 230 234 233 230 230 231 231 227 226 227 228 228 227 227 227 227 226 227 228 230 231 230 231 232 232 233 233 233 234 234 233 235 236 236 237 238 239 241 242 243 245 246
248 252 247 243 242 240 237 236 237 239 237 229 223 222 223 224 220 217 218 214 211 214 214 214 216 214 212 205 204 203 204 205 205 207 206 208 209 208 210 211 217 232 244 250 250 248 248 245 243 240 236 235 233 233 234 233 234 233 233 230 226 226 225 222 222 223 223 223 223 224 226 226 226 227 229 229 227 229 230 232 236 237 237 237 237 237 238 238 239 239 239 240 242 243
251 251 245 243 242 243 243 242 242 241 238 234 233 230 232 230 226 225 224 223 221 219 218 218 218 215 214 211 207 205 202 203 207 210 210 209 210 210 210 212 221 244 260 264 263 261 258 253 248 243 240 238 235 234 234 233 233 233 231 229 226 225 223 221 220 219 221 221 220 218 220 222 223 223 225 225 227 233 236 236 237 237 238 238 239 238 238 238 239 240 239 239 240 242
240 240 240 241 246 247 245 245 244 241 240 238 240 241 240 240 235 232 230 230 229 226 225 224 220 216 215 214 210 205 204 203 204 208 210 209 210 212 212 213 227 250 263 270 271 269 267 259 251 243 239 238 235 233 232 232 230 230 230 224 222 222 222 221 221 221 222 222 224 224 221 221 225 225 227 230 234 236 235 234 238 240 243 245 244 242 240 239 238 238 237 237 238 240
246 243 243 244 246 244 244 245 244 241 244 246 246 245 243 243 243 240 238 236 236 235 230 229 225 219 215 217 211 202 202 204 207 211 212 210 210 212 214 224 239 256 264 271 273 271 269 262 254 245 238 234 234 233 231 229 228 226 225 222 221 223 222 222 224 226 228 229 229 229 228 228 229 229 232 234 234 235 237 240 245 249 248 248 248 248 245 243 241 241 239 238 239 239
248 246 245 246 245 244 245 248 247 246 247 248 248 250 249 247 246 245 242 242 240 237 235 232 223 218 215 215 212 208 209 213 218 219 216 214 211 215 234 248 258 266 272 272 269 267 265 259 249 242 236 232 232 229 227 225 224 223 223 218 217 221 223 229 231 232 234 234 235 235 235 236 236 236 237 237 238 239 242 248 252 257 255 253 251 252 249 247 247 246 244 245 245 244
238 242 244 246 245 243 245 247 249 247 249 251 250 250 249 248 248 249 247 244 242 239 238 240 237 222 212 209 212 212 213 215 215 214 213 213 212 221 241 254 262 267 270 268 264 258 252 249 245 241 236 229 227 226 225 223 223 220 218 215 218 225 229 233 235 235 239 243 247 249 247 246 246 248 249 249 247 247 250 254 256 263 260 255 254 254 254 255 254 252 251 249 248 249
231 236 236 237 239 244 251 249 248 250 253 252 249 248 249 248 250 253 248 243 246 248 248 247 243 224 212 210 216 220 219 217 216 218 224 226 217 218 232 239 241 246 248 248 246 239 237 236 235 232 231 229 226 224 224 222 220 219 217 215 221 230 233 241 244 245 248 251 251 250 251 252 253 253 254 255 256 255 256 260 261 263 261 262 260 257 257 256 256 255 254 253 252 252
235 235 234 235 238 245 249 251 249 249 250 250 250 250 252 251 252 252 251 256 257 254 253 249 239 220 211 214 226 242 249 250 249 244 242 237 221 213 215 216 217 221 222 224 224 223 224 225 225 227 228 227 226 224 221 220 219 217 217 214 219 228 231 234 237 241 243 243 239 239 244 247 248 250 253 252 252 252 255 261 265 266 264 260 259 257 255 255 255 256 256 254 252 252
242 240 241 244 244 250 253 255 254 253 254 254 252 251 252 255 256 256 257 256 257 256 254 252 244 230 215 210 216 232 239 236 230 224 220 216 212 213 214 214 214 213 213 215 217 215 216 217 219 220 222 222 223 224 221 217 215 215 215 214 218 222 221 221 222 221 222 223 222 225 229 234 238 242 244 246 248 249 253 262 262 259 259 260 262 258 254 254 253 254 255 258 259 260
245 243 246 249 249 251 253 254 254 254 254 256 257 258 259 261 260 259 260 259 259 259 256 254 248 237 222 212 210 214 215 213 212 211 211 210 211 212 213 212 213 213 213 213 213 214 213 213 214 216 217 216 216 216 216 216 213 214 215 214 215 221 221 218 219 217 217 217 218 221 222 225 228 234 237 242 245 251 253 253 256 258 256 254 254 256 254 251 251 251 251 252 251 249
248 246 245 246 248 251 254 253 255 261 258 258 261 264 265 265 262 258 261 260 259 259 256 256 255 247 234 216 208 208 207 205 207 208 211 209 208 209 210 212 213 213 214 214 213 213 211 212 216 218 218 216 215 215 215 214 211 215 215 214 214 221 222 220 218 219 220 218 217 218 220 221 221 224 232 249 256 249 243 247 253 253 248 239 240 242 246 245 245 244 245 249 244 244
249 251 248 249 255 258 258 258 261 265 267 265 266 265 266 266 265 263 263 262 261 262 260 258 257 253 238 223 218 212 210 209 208 208 209 211 212 210 211 211 212 213 214 213 211 210 211 212 212 214 213 212 212 213 214 214 215 216 215 214 219 225 226 225 225 227 227 224 220 218 219 219 218 220 224 232 235 228 224 226 231 237 233 229 232 231 228 230 232 232 235 239 238 240
254 255 254 254 259 267 270 269 265 264 266 269 269 267 268 266 266 266 265 262 260 259 259 259 258 252 242 234 227 222 217 216 221 220 215 215 217 219 217 217 217 216 215 214 214 211 210 211 212 213 211 211 213 214 214 215 217 217 216 218 223 225 226 228 231 231 232 229 224 220 219 218 220 221 221 223 224 223 222 220 223 225 225 223 222 223 224 223 223 225 227 228 229 229
258 258 259 259 261 266 271 272 269 269 269 268 268 266 267 267 269 268 266 264 263 261 258 251 248 244 238 235 234 232 227 224 226 226 228 230 232 232 229 227 225 223 224 222 221 219 215 212 211 214 214 213 214 214 214 215 215 214 219 224 227 229 229 231 232 232 233 232 230 226 224 219 217 220 222 222 222 222 221 221 224 224 222 221 220 220 220 221 223 224 224 224 224 224
263 262 260 263 264 265 266 268 268 271 268 264 266 267 268 268 270 270 268 265 264 265 265 260 252 247 246 247 246 247 244 244 246 247 247 243 242 240 236 234 232 230 231 229 227 225 224 221 215 214 214 214 214 213 213 215 216 220 224 224 226 230 232 233 232 234 236 237 239 240 239 237 230 227 227 224 223 222 221 223 228 230 226 223 222 222 220 222 222 221 220 221 223 224
268 268 267 266 265 265 267 264 273 293 285 270 270 273 274 269 267 271 273 271 269 267 266 265 262 261 261 262 260 258 256 255 255 253 251 249 247 246 243 241 237 231 231 231 236 237 238 234 227 222 220 218 217 218 218 220 222 224 227 229 229 229 231 232 232 234 238 243 244 246 245 243 240 239 237 233 229 227 227 226 228 231 231 229 228 225 224 224 223 223 222 222 223 223
266 266 265 267 265 266 267 267 269 272 268 267 271 272 271 270 269 271 273 272 271 269 269 270 268 264 263 263 260 258 257 254 253 253 253 252 250 248 244 241 238 239 243 240 242 241 242 240 236 231 229 228 227 226 226 226 226 227 230 229 229 230 231 229 231 235 238 241 242 246 249 247 242 241 241 238 235 232 229 227 227 226 224 226 229 229 225 224 226 225 226 225 226 226
261 265 266 266 267 268 269 271 269 269 269 270 272 271 269 271 271 272 272 272 271 271 271 272 272 270 265 263 261 260 260 260 257 254 253 251 249 246 245 242 241 241 243 242 241 242 243 242 238 234 232 231 229 227 227 226 227 228 230 230 231 232 231 231 232 234 236 240 240 239 240 242 243 245 248 245 240 238 236 232 231 229 227 228 229 231 230 228 228 228 228 232 235 238
260 264 269 272 273 274 272 272 272 278 276 274 272 272 270 271 275 275 273 274 271 272 274 274 272 268 266 264 260 261 262 264 261 255 253 250 249 248 249 249 247 246 245 246 245 242 241 242 240 237 234 231 230 230 229 229 231 231 230 231 232 232 233 235 236 237 237 240 243 247 247 246 244 243 246 245 246 245 246 242 238 237 234 232 234 234 234 235 234 236 239 244 246 248
265 267 271 272 269 270 271 271 275 278 274 271 270 271 271 273 276 277 277 277 273 272 271 273 275 271 267 265 265 266 266 265 262 260 259 258 255 254 255 253 252 250 249 248 246 244 242 241 240 236 236 235 236 233 231 230 232 232 234 235 235 237 239 239 240 241 243 244 240 244 245 245 248 248 248 247 250 250 248 247 244 241 237 237 236 236 237 241 242 244 248 254 256 259
264 266 268 269 269 271 270 268 271 272 270 272 272 269 269 272 275 276 275 273 274 275 273 270 270 271 272 271 271 272 270 269 268 265 260 257 257 256 255 253 252 251 250 248 246 245 244 240 238 237 238 240 237 236 234 234 236 237 239 239 240 242 243 244 245 246 248 248 246 246 247 248 255 259 254 251 251 253 251 250 248 245 243 244 240 239 245 248 252 257 259 262 263 264
257 260 263 266 266 263 261 262 264 265 269 271 272 268 270 272 273 274 273 272 273 271 271 269 267 268 276 280 275 273 272 271 272 270 266 262 259 258 257 255 251 248 248 247 246 246 241 237 239 241 241 241 240 240 239 240 241 242 243 245 246 248 250 251 252 253 254 254 255 257 257 256 256 257 258 256 257 256 254 252 251 250 248 248 248 250 253 255 258 264 266 266 267 270
244 247 249 251 253 256 259 261 264 264 266 269 269 270 271 270 271 271 270 272 272 271 271 275 281 279 278 280 276 274 274 272 271 271 269 264 261 260 261 259 253 250 248 247 244 241 238 239 242 245 245 244 243 244 246 247 246 248 250 251 253 256 258 260 261 263 263 264 264 264 262 262 263 261 263 262 260 258 257 254 254 257 259 260 259 261 263 267 270 272 274 273 272 274
236 238 241 245 252 261 265 265 266 268 268 269 271 280 277 272 272 272 271 272 272 272 272 276 281 277 277 276 277 277 275 274 275 274 268 264 263 261 259 256 254 250 249 245 240 239 241 242 244 245 244 245 248 248 250 251 251 255 259 261 264 266 267 267 268 269 270 271 270 271 269 268 267 265 264 260 257 257 260 263 268 270 271 271 272 274 272 274 278 279 276 275 276 277
244 242 246 252 257 263 264 266 268 268 269 270 272 273 271 271 272 271 272 272 271 272 273 275 275 275 278 279 277 277 273 270 268 267 265 262 259 258 256 251 248 242 241 243 243 243 242 241 241 241 242 245 248 251 255 259 262 264 268 270 270 270 272 273 274 274 274 273 272 273 271 271 269 267 266 265 265 267 270 274 276 277 280 283 285 284 282 281 280 282 281 280 279 280
257 254 257 259 264 267 265 266 268 269 272 271 271 272 271 271 272 271 271 270 271 273 274 275 276 275 275 274 273 273 270 267 265 262 259 257 253 249 246 243 239 239 241 244 245 248 247 246 244 243 246 250 253 257 260 262 266 270 272 273 273 275 274 274 274 274 275 274 272 272 271 271 271 271 269 272 275 277 277 278 280 281 285 288 288 287 284 282 282 282 281 279 278 276
266 269 267 265 265 266 266 268 271 273 270 268 270 270 270 271 271 269 270 272 272 271 272 272 270 270 271 270 268 264 258 256 254 250 248 248 246 244 241 234 241 248 248 249 253 255 255 253 250 249 250 252 254 258 262 267 270 274 274 273 273 272 272 273 274 274 275 276 277 277 275 275 275 274 274 277 280 281 280 280 284 287 288 286 285 283 283 283 282 282 281 279 276 274
273 273 270 269 273 271 269 272 274 272 270 269 268 271 269 268 268 268 267 267 267 265 266 263 260 257 258 258 256 250 245 245 245 242 239 239 237 234 233 236 251 253 251 253 256 257 255 254 252 249 248 249 252 257 261 263 264 265 264 265 264 265 267 268 269 272 276 279 280 280 281 280 279 279 279 281 284 286 285 287 291 289 288 286 285 284 283 282 279 281 280 278 279 281
271 274 269 266 268 269 270 271 270 269 268 267 260 255 255 256 258 260 261 261 261 259 256 254 251 249 247 244 241 237 237 239 239 234 231 230 230 231 230 235 241 242 244 250 252 251 249 246 245 245 247 248 250 253 256 259 261 261 259 259 260 262 264 271 274 274 278 283 284 284 284 284 284 285 282 281 285 289 290 293 293 289 286 285 284 284 282 282 281 281 281 280 282 282
264 262 262 264 264 263 262 263 261 263 263 261 254 247 245 242 242 245 246 248 249 245 241 237 233 234 235 232 228 229 229 230 230 227 227 228 226 226 227 230 233 238 241 243 242 242 241 238 236 239 243 243 246 249 252 258 263 264 262 260 260 265 273 282 286 284 282 283 284 286 286 287 287 286 286 286 284 285 289 292 288 285 284 283 284 285 281 281 282 282 285 286 287 287
249 247 247 249 249 247 247 248 245 245 246 246 242 238 236 231 231 233 236 234 233 232 231 226 221 221 220 218 215 215 217 219 220 223 223 223 225 227 226 227 231 235 236 236 235 239 244 247 247 245 247 250 253 255 255 259 263 265 263 261 264 271 276 279 279 280 282 284 287 290 291 289 287 285 286 289 289 285 284 284 284 284 284 286 285 284 284 285 284 284 286 291 290 288
229 230 230 230 230 229 230 230 228 228 227 228 229 228 226 223 221 222 224 223 220 220 220 218 216 216 217 217 217 219 219 217 217 219 220 222 224 224 223 225 228 235 240 244 246 250 253 257 261 256 253 254 255 257 262 266 269 270 267 265 269 270 269 270 273 278 281 286 289 291 291 292 291 289 289 289 287 285 286 286 283 284 285 284 285 287 288 289 288 288 291 293 291 290
208 210 211 211 210 211 211 212 213 213 213 215 215 213 213 214 216 215 214 216 217 215 214 216 219 222 224 226 225 223 223 222 222 221 222 223 223 223 226 234 239 242 246 251 253 255 260 265 267 267 265 265 270 274 282 289 292 291 286 284 284 281 275 274 275 280 283 288 291 293 293 291 292 293 294 293 290 287 287 287 285 285 286 286 287 288 291 291 292 292 293 295 294 294
203 204 205 204 206 205 205 207 207 207 207 209 209 207 208 208 209 211 215 217 217 214 215 218 220 221 223 223 223 224 224 223 221 221 221 222 224 228 234 240 246 249 255 258 263 267 268 268 273 274 276 281 288 293 297 300 299 298 294 291 289 288 287 285 282 285 287 290 293 295 296 295 293 293 293 292 290 289 289 290 290 290 290 288 286 289 291 294 295 296 297 296 298 297
202 201 203 204 205 208 209 209 209 208 208 206 208 211 212 212 213 215 216 215 218 220 220 221 221 224 226 227 228 227 224 223 222 223 224 224 225 235 246 254 260 265 269 273 279 280 283 287 288 288 286 284 286 294 299 301 302 300 300 298 296 295 298 297 294 294 292 292 294 298 298 297 295 294 295 296 293 294 293 292 291 290 290 289 290 290 293 296 298 298 299 299 301 301
207 208 210 210 211 212 212 211 212 212 212 211 213 214 215 217 218 217 218 219 219 220 220 221 224 225 227 228 228 228 227 226 224 223 227 233 244 258 270 277 282 284 287 290 291 291 292 294 297 297 297 293 287 294 300 302 302 303 305 304 298 299 305 304 303 299 296 296 299 301 299 299 299 298 297 298 296 295 296 295 294 292 292 292 292 291 292 294 297 299 300 301 300 303
216 215 216 217 218 218 218 218 218 216 219 220 220 220 222 223 222 220 219 219 220 221 223 224 225 227 229 232 233 234 234 230 227 225 227 235 241 250 266 281 291 295 293 293 293 294 295 297 299 302 306 303 297 299 303 301 297 298 304 304 301 305 308 308 307 304 305 303 302 301 301 300 298 298 298 297 298 299 298 297 298 297 296 295 295 295 294 294 294 295 298 302 301 305
227 229 230 230 232 228 228 228 224 222 223 223 223 222 221 222 224 223 223 228 232 230 229 230 232 232 233 237 238 240 240 234 230 228 229 229 230 238 248 263 274 279 279 278 282 287 289 292 299 302 305 307 306 306 308 309 304 300 305 309 310 311 312 311 307 307 310 310 310 309 307 304 302 300 299 298 301 301 299 300 300 300 300 300 299 298 297 296 294 295 297 298 299 300
237 239 244 250 253 250 247 245 242 238 235 233 230 227 228 230 229 228 227 231 237 239 243 247 247 244 239 238 240 241 239 235 234 233 235 236 234 233 235 242 250 256 257 261 271 280 288 291 297 301 304 308 310 313 316 316 318 319 318 317 316 316 314 310 309 312 316 314 313 314 309 305 304 302 301 301 300 302 303 302 303 303 302 302 300 299 299 298 297 296 298 299 299 299
