servern/mothersucker.asc
ncols        300
nrows        120
xllcorner    14.349583333289
yllcorner    50.000416666669
cellsize     0.000833333333
NODATA_value 0
[rows 0 to 41 of 120, columns 94 to 187 of 300]
231 225 221 221 218 213 212 212 206 205 204 198 194 192 193 194 191 189 188 189 187 189 188 189 189 187 187 187 187 186 185 184 182 180 180 184 185 187 187 186 188 188 188 192 191 187 187 189 188 188 189 192 193 198 207 212 211 210 211 212 212 212 213 212 212 214 218 219 224 228 230 232 234 234 234 236 235 232 230 229 227 227 224 220 220 219 218 214 215 216 215 215 215 215
229 224 223 221 217 211 210 208 205 200 197 192 189 190 192 189 189 188 188 188 187 188 187 187 188 186 184 184 186 187 191 189 186 186 185 186 187 187 186 188 189 190 194 193 187 185 186 187 188 191 193 194 195 198 201 204 204 208 210 211 213 214 212 214 217 220 225 230 233 236 238 236 237 238 239 240 238 236 235 236 232 231 234 232 229 227 225 225 225 226 224 222 221 219
227 224 225 225 220 212 209 208 209 201 196 190 187 186 185 183 186 187 188 186 184 186 186 186 186 188 187 186 179 183 187 188 190 189 188 190 191 190 187 190 190 189 191 188 184 185 188 193 198 193 193 197 199 204 206 205 208 212 213 214 215 218 220 223 226 226 230 233 237 246 249 249 251 252 252 254 252 251 248 245 240 238 239 235 231 229 231 231 231 231 231 231 231 231
228 224 223 218 215 208 206 204 203 192 185 186 185 178 181 181 179 177 189 189 184 186 187 187 190 188 192 189 183 186 191 192 189 189 188 189 189 189 189 186 186 187 185 185 185 187 188 189 189 185 186 191 199 206 210 210 212 214 216 219 223 226 228 230 232 235 240 245 251 256 260 265 267 267 270 272 270 268 261 256 252 246 241 240 239 239 239 238 240 240 238 238 241 242
223 220 216 209 201 195 195 195 188 187 187 188 189 187 190 190 188 187 186 185 184 183 183 184 186 185 187 186 185 186 187 188 189 189 187 187 188 188 186 186 186 187 185 184 185 187 189 187 185 185 186 189 199 204 209 212 214 218 223 227 228 233 239 245 250 255 264 270 270 273 276 277 276 276 277 277 276 270 268 269 261 250 248 250 252 254 252 253 250 249 250 250 248 242
204 203 196 191 188 187 185 183 189 192 189 187 185 186 188 188 189 189 184 183 186 186 186 185 186 187 186 185 186 186 186 186 186 186 188 191 192 188 186 189 190 188 186 186 186 185 185 186 186 187 188 194 203 209 212 215 219 226 233 237 240 244 256 261 268 272 278 282 281 280 281 281 281 279 278 276 275 271 266 263 259 254 258 261 261 261 256 256 252 249 246 243 238 235
194 189 192 192 188 185 184 185 187 187 187 184 181 180 183 184 184 188 188 188 188 189 187 186 187 187 186 188 188 187 188 190 188 191 194 194 196 191 188 188 190 189 188 190 191 190 189 190 189 187 192 202 208 212 217 222 230 241 252 255 253 262 272 276 279 279 283 285 283 283 282 280 278 276 274 271 269 266 260 258 256 255 255 258 256 252 248 246 242 237 234 229 227 222
186 182 185 185 184 188 190 187 187 190 190 189 186 186 191 191 190 191 189 188 189 189 186 190 190 192 193 193 192 193 191 191 194 197 199 196 195 194 192 190 189 189 191 190 191 190 189 189 190 195 207 212 214 219 228 240 246 253 260 268 273 276 277 280 282 283 283 284 281 280 278 276 274 273 271 267 263 260 259 256 253 250 246 244 243 244 241 237 233 230 228 226 224 223
187 187 188 188 188 187 193 197 199 200 197 190 188 193 195 196 192 188 188 190 191 192 189 191 193 193 192 192 193 193 192 191 194 196 196 194 192 192 194 192 186 186 188 188 187 188 190 193 201 212 221 227 235 240 247 254 258 262 267 273 277 279 279 279 279 277 276 277 275 273 272 270 268 266 265 264 262 261 260 256 257 257 252 243 239 239 239 237 234 236 239 238 237 239
196 194 197 198 196 193 195 198 197 198 194 189 189 191 189 188 190 193 193 194 192 192 191 188 189 191 190 192 193 194 195 193 190 192 195 192 190 189 189 190 189 190 193 199 202 207 213 220 227 233 242 248 252 257 257 259 261 266 268 270 272 276 275 273 273 273 273 273 272 270 268 268 268 265 262 261 261 262 263 260 259 259 255 251 246 245 246 246 249 250 250 247 245 241
202 200 201 198 196 196 202 201 193 194 192 192 194 193 189 192 193 193 192 192 192 193 195 193 193 192 190 188 192 198 195 193 190 190 190 189 190 196 200 210 217 224 230 235 237 243 247 246 247 251 257 259 261 260 261 263 262 261 264 268 269 271 272 274 274 275 276 274 274 273 270 271 273 269 264 263 263 265 267 266 263 262 257 253 249 248 249 252 255 250 248 246 241 235
202 199 198 199 200 201 200 199 199 200 194 193 192 190 192 196 197 192 191 192 193 195 194 196 198 194 195 194 189 195 198 194 197 206 218 231 241 248 259 261 261 261 260 258 254 253 250 249 249 249 255 257 259 263 266 268 266 264 266 269 269 271 274 277 278 276 275 270 270 269 267 266 264 263 265 265 263 264 263 263 263 262 258 254 250 249 248 246 247 244 241 240 235 231
203 199 197 198 199 201 205 207 206 203 200 195 192 191 193 193 190 188 189 190 194 198 197 198 200 202 201 201 207 220 228 234 245 253 256 256 260 261 259 254 253 253 252 250 252 253 251 252 254 256 258 261 262 266 267 267 267 266 265 267 270 274 276 279 279 273 267 264 265 261 261 260 258 257 259 259 258 258 257 258 259 257 254 249 247 247 248 246 243 241 237 233 232 234
206 198 197 201 204 202 204 206 207 205 200 196 194 197 194 190 188 190 192 192 198 200 204 215 222 229 237 245 251 251 252 256 257 255 250 246 245 241 240 242 245 249 252 254 256 258 258 258 257 258 258 258 262 265 267 266 265 267 271 273 277 278 275 272 268 263 261 260 260 259 258 258 259 258 256 253 252 255 256 255 253 252 251 250 248 247 247 247 245 247 248 249 246 244
206 199 198 201 205 204 199 199 204 205 199 196 195 193 192 193 192 192 194 194 201 215 232 247 251 256 261 253 245 241 237 237 236 238 235 233 232 233 239 242 244 250 255 261 263 262 261 260 260 261 260 261 261 262 265 268 270 274 273 274 272 265 264 264 263 261 260 260 260 258 258 255 256 259 258 254 253 252 250 251 252 252 252 252 254 256 256 257 258 257 258 258 256 252
206 202 201 208 211 206 199 197 197 196 194 196 197 198 197 198 198 198 198 205 212 219 225 232 233 230 227 220 219 222 226 225 225 230 232 232 237 245 246 249 252 256 258 262 263 262 263 265 265 264 262 262 263 261 266 269 268 267 265 266 265 264 262 261 261 262 261 259 260 258 258 256 256 257 255 253 254 255 252 255 257 255 254 257 257 257 260 260 258 258 260 260 260 259
210 208 204 205 207 208 208 208 207 205 203 200 202 205 211 216 216 217 218 221 219 217 218 217 216 216 220 221 220 222 222 223 228 233 235 240 247 251 253 253 259 264 267 268 267 265 263 263 263 262 261 258 257 258 260 260 258 257 257 258 259 260 263 264 261 258 257 256 256 256 256 254 254 255 257 257 259 261 263 263 265 261 259 258 259 259 260 261 258 256 256 259 261 257
210 208 202 200 203 204 204 204 202 205 207 207 208 209 214 222 227 230 232 231 230 229 227 224 224 227 227 228 229 227 225 224 229 239 238 237 244 256 260 264 270 272 269 266 263 259 257 253 253 258 259 257 256 257 258 257 257 258 258 258 258 258 258 259 260 261 258 257 256 257 258 259 262 262 262 262 265 268 269 266 266 266 263 262 262 262 259 257 255 255 254 256 253 249
206 206 205 207 210 208 205 202 203 205 207 209 210 211 212 216 220 222 224 227 225 228 233 237 240 238 239 238 237 237 237 234 233 234 237 245 258 265 267 269 267 264 263 260 257 253 251 254 254 255 260 259 258 260 260 259 259 259 258 258 256 257 258 258 260 261 262 268 268 267 268 269 268 267 270 271 272 273 270 267 267 265 264 263 262 259 256 251 249 247 247 245 242 239
205 202 207 212 211 209 209 208 210 212 213 209 208 209 214 222 224 226 227 226 225 229 238 245 248 250 249 250 249 248 247 244 239 238 241 247 251 252 252 254 254 251 251 253 253 251 251 253 257 259 256 258 258 260 260 259 256 256 257 257 258 260 263 266 267 267 271 272 270 269 269 270 272 274 275 274 272 271 271 268 265 263 260 257 255 252 247 245 246 242 241 239 237 237
209 212 211 211 212 210 206 207 214 221 221 214 213 220 224 227 227 228 232 236 242 246 249 252 256 259 263 264 261 257 254 249 250 249 249 247 246 245 244 245 247 253 254 251 251 252 249 250 258 265 261 256 256 256 256 257 257 259 262 264 268 270 268 268 268 268 271 272 271 269 269 269 270 272 272 269 270 269 269 266 262 259 256 252 246 245 245 246 244 242 242 241 240 239
209 209 211 214 216 213 211 210 215 220 216 219 227 230 234 234 235 239 242 247 253 257 258 262 262 268 270 267 266 263 258 255 251 249 248 245 246 247 247 245 246 249 251 252 253 253 250 252 257 258 258 257 258 261 262 262 264 266 268 270 272 272 272 270 269 270 270 270 269 266 265 266 265 265 265 265 264 262 261 259 257 254 252 250 248 248 247 245 245 243 244 244 243 240
213 214 217 215 218 212 208 209 211 212 219 230 232 236 242 248 251 253 253 259 263 269 270 269 268 267 263 260 260 260 257 255 253 252 251 253 256 257 256 256 256 256 256 257 259 258 257 259 263 262 261 263 263 265 268 266 268 269 269 273 275 276 274 270 268 267 265 262 258 258 258 257 255 257 258 255 256 257 257 255 254 253 252 247 248 246 246 245 246 243 244 243 241 241
213 218 218 216 214 213 213 210 213 221 230 238 239 243 251 257 258 264 264 270 271 272 273 270 268 270 267 277 279 259 260 258 257 260 259 262 261 262 262 262 264 264 264 264 265 266 265 264 265 267 267 267 266 268 271 272 271 273 273 272 274 275 271 267 263 260 255 252 251 251 251 250 250 252 252 252 252 253 251 250 251 254 257 258 254 247 244 244 243 241 242 242 241 240
222 219 216 218 219 222 220 216 227 236 242 242 246 251 257 262 263 266 267 272 278 278 276 273 271 271 270 267 267 268 269 267 270 269 266 268 269 267 266 266 267 267 269 269 269 269 268 268 268 268 270 271 269 266 270 274 274 272 270 266 263 260 258 255 254 254 251 249 247 247 246 247 249 250 249 249 250 251 251 248 249 249 248 249 248 248 245 243 242 241 241 238 237 236
222 224 222 227 227 222 224 230 235 237 244 246 249 251 258 263 264 264 264 267 273 274 274 271 271 269 270 270 273 275 275 276 275 276 276 275 274 272 268 265 269 272 272 273 273 271 271 272 272 272 270 269 270 269 268 268 267 265 263 261 256 255 253 249 249 250 247 244 243 244 243 244 246 249 250 248 245 246 246 244 244 242 242 241 243 244 241 235 233 233 233 233 233 233
224 225 224 229 234 239 240 242 242 239 241 246 249 253 255 259 262 263 263 267 270 271 271 270 270 268 267 267 272 276 274 277 279 278 278 281 281 281 281 276 273 274 273 274 273 273 271 269 271 272 272 271 270 270 269 267 266 267 264 259 255 253 251 247 247 247 244 244 244 241 239 240 243 246 248 248 246 244 242 239 238 238 237 237 237 235 233 231 231 232 233 235 236 236
231 233 236 239 242 243 243 244 242 242 244 249 251 251 254 257 258 259 263 266 264 265 269 268 266 263 264 267 268 272 273 274 274 277 280 280 282 284 284 284 281 282 280 280 280 278 273 272 276 279 279 275 274 270 265 263 263 262 262 256 253 251 251 250 248 247 246 244 243 245 248 245 241 240 242 243 244 245 241 238 237 237 238 237 234 234 232 231 231 233 234 235 235 236
235 237 236 240 246 249 246 244 245 248 251 255 256 256 258 260 261 260 261 261 262 263 265 265 266 271 275 276 274 274 275 276 275 280 283 281 281 283 281 280 282 282 277 276 276 275 269 267 269 269 268 263 259 255 253 252 253 254 252 252 253 252 253 252 251 248 248 244 242 240 239 238 238 238 239 239 239 237 235 236 235 233 234 234 232 230 229 231 231 232 231 231 231 234
232 234 236 241 243 246 250 248 247 250 251 253 257 261 261 261 262 264 267 271 273 274 274 271 270 273 277 278 279 277 275 275 272 280 284 281 277 277 277 275 275 275 275 273 274 270 264 261 260 257 254 252 250 251 247 246 248 246 247 247 249 251 252 252 250 248 246 244 241 235 233 234 235 236 238 239 238 236 235 237 234 232 232 232 231 228 227 230 229 228 227 228 230 230
241 242 244 246 245 243 245 247 249 248 247 254 258 259 264 266 268 271 272 274 279 279 278 276 273 272 274 275 277 276 277 277 279 281 280 278 277 275 275 273 271 271 269 266 264 261 258 255 253 250 244 243 245 245 243 240 239 238 240 241 244 244 244 243 240 239 235 235 233 231 232 234 233 234 235 238 237 236 235 235 234 231 230 231 231 229 228 228 228 225 226 225 225 227
244 245 245 247 248 243 245 251 253 253 256 260 261 262 265 268 271 275 275 275 277 280 281 278 273 271 270 270 269 267 267 265 266 269 273 272 272 272 271 268 267 264 263 258 255 252 250 246 243 242 242 238 238 237 236 235 234 231 230 229 233 237 235 232 228 225 224 229 232 231 232 232 231 232 233 236 235 234 233 232 231 228 228 230 230 228 227 226 226 225 224 226 226 228
243 243 246 247 249 247 246 249 252 256 257 258 261 267 264 264 267 269 269 272 272 276 277 271 264 260 260 259 254 249 250 253 255 258 260 260 261 266 266 263 261 258 253 251 248 245 245 243 240 239 239 234 232 233 233 230 227 226 225 226 226 224 223 224 225 221 222 225 228 228 228 229 228 228 228 231 232 232 230 232 231 229 230 230 229 227 227 227 228 228 228 231 232 232
236 240 247 249 248 248 248 249 251 253 253 257 261 264 264 265 268 268 266 266 263 264 261 257 252 248 245 239 239 240 241 246 249 252 254 254 252 256 259 256 252 251 249 243 240 238 238 237 239 237 235 234 232 231 227 226 225 222 223 222 221 219 221 219 219 222 221 220 222 223 223 224 223 223 222 224 225 226 226 226 225 227 229 228 227 227 226 228 231 232 234 234 235 237
236 240 246 248 248 249 245 247 249 249 252 254 256 258 260 263 266 267 263 259 255 250 247 245 239 236 237 233 236 240 242 244 247 246 250 253 250 253 255 251 247 245 245 240 236 236 235 233 233 234 234 229 229 227 225 223 223 221 220 222 221 220 220 220 221 222 221 221 222 220 219 222 223 223 224 223 222 219 222 226 226 228 229 229 229 232 236 235 233 233 233 233 234 235
240 243 246 249 251 248 245 246 249 249 248 248 249 249 252 253 259 260 256 253 248 246 240 235 230 227 227 229 231 235 235 233 235 237 241 241 244 246 243 240 239 238 239 236 233 230 227 227 227 228 228 226 225 223 223 224 224 223 221 221 220 222 220 219 220 221 222 221 221 220 220 222 222 221 222 222 221 220 221 222 225 228 228 228 230 232 234 235 235 236 234 232 232 234
245 248 246 246 247 238 238 244 245 240 233 231 234 236 240 245 251 253 247 242 241 242 238 230 227 220 219 225 228 229 231 229 230 232 234 235 239 239 236 233 232 230 227 228 225 223 223 221 221 220 221 223 223 221 222 223 223 220 218 218 219 218 216 216 217 219 222 221 219 216 217 218 221 224 228 229 227 227 228 227 227 226 228 230 231 232 232 232 233 234 234 236 236 235
243 243 240 241 238 228 229 232 231 223 214 212 215 222 229 240 245 241 234 233 234 229 220 218 216 216 219 221 223 221 221 224 224 223 225 228 226 227 225 223 225 231 230 226 223 221 219 220 219 216 217 217 218 219 218 219 217 214 213 213 213 215 216 219 219 217 217 216 216 219 222 225 231 236 234 231 229 229 231 230 229 228 230 230 232 231 233 234 235 239 242 243 241 242
238 232 229 228 227 220 219 222 220 217 208 204 207 210 213 222 231 230 223 216 212 208 208 206 205 208 209 209 209 211 212 216 219 220 223 223 218 216 216 216 216 218 218 217 217 214 214 216 215 214 216 216 214 212 212 212 212 213 213 214 213 213 214 216 216 214 216 219 222 224 230 234 237 235 235 233 231 230 228 230 230 230 231 232 233 234 237 239 241 242 244 243 242 243
208 208 215 215 208 210 211 209 208 207 204 203 204 205 204 206 207 207 205 202 201 202 202 204 205 206 206 205 203 204 204 207 212 217 218 215 216 217 213 211 212 213 214 216 216 214 213 211 212 211 211 211 210 210 211 211 210 212 213 214 213 213 215 217 217 219 223 227 229 233 239 239 238 235 233 233 231 230 229 231 233 235 233 234 236 238 239 242 244 246 249 249 249 250
198 200 207 205 203 203 205 206 207 205 202 201 200 201 203 201 198 199 200 199 198 198 201 205 205 206 206 206 205 201 201 204 208 212 211 210 211 211 211 215 215 215 215 215 215 215 213 213 215 214 213 214 214 213 214 214 214 213 214 215 215 215 218 221 223 227 229 233 235 237 240 238 235 232 231 231 230 229 229 231 232 234 234 235 236 240 239 241 245 250 252 253 252 252
206 206 205 204 202 202 200 200 198 198 200 201 200 200 201 200 200 201 200 201 202 201 201 203 205 206 206 207 207 206 204 203 204 207 209 209 211 211 211 211 213 214 214 213 214 215 216 217 217 218 218 218 218 217 217 218 219 218 218 219 218 221 223 225 228 231 233 236 238 238 239 239 236 232 229 229 229 229 231 233 234 235 236 236 238 239 239 240 244 247 250 253 252 252
