servern/src/esri-grid/belleile.asc
ncols        860
nrows        486
xllcorner    -3.287777777778
yllcorner    47.265416666667
cellsize     0.000277777778
[rows 364 to 389 of 486, columns 290 to 347 of 860]
41.081207275390625 41.262256622314453125 40.425868988037109375 39.727283477783203125 38.65003204345703125 37.115650177001953125 33.119129180908203125 29.499471664428710938 28.202512741088867188 26.834001541137695312 26.549161911010742188 15.535792350769042969 2.6102421283721923828 1.4114278554916381836 0 0 0 0 0 0 0 0 0 0 4.820972442626953125 9.4169225692749023438 12.014665603637695312 17.084218978881835938 20.749786376953125 24.859384536743164062 29.788288116455078125 32.02410888671875 35.121662139892578125 36.733860015869140625 38.221614837646484375 39.114887237548828125 38.83634185791015625 38.23221588134765625 38.221721649169921875 39.21904754638671875 39.71794891357421875 41.20197296142578125 42.69171905517578125 43.04993438720703125 43.841770172119140625 43.9568634033203125 44.321987152099609375 45.268314361572265625 45.844394683837890625 45.99028778076171875 46.58535003662109375 47.69745635986328125 48.029102325439453125 47.801441192626953125 50.553844451904296875 52.563625335693359375 51.03200531005859375 51.045330047607421875
40.075260162353515625 39.79327392578125 39.1453857421875 38.445468902587890625 37.555919647216796875 37.18636322021484375 32.127567291259765625 25.728771209716796875 21.037462234497070312 18.100748062133789062 18.188905715942382812 9.2574939727783203125 0.68107390403747558594 0 0 0 0 0 0 0 0 2.0653257369995117188 6.3040213584899902344 13.144604682922363281 21.182725906372070312 23.5167694091796875 25.526609420776367188 27.44503021240234375 29.037628173828125 30.787355422973632812 32.750034332275390625 34.673065185546875 36.97266387939453125 37.996196746826171875 38.875110626220703125 39.308620452880859375 39.575954437255859375 40.316761016845703125 38.82647705078125 38.96506500244140625 38.788249969482421875 39.773159027099609375 40.96198272705078125 41.5296783447265625 42.27249908447265625 43.425785064697265625 44.380435943603515625 45.202545166015625 45.422969818115234375 45.77338409423828125 46.350002288818359375 46.917095184326171875 47.119297027587890625 47.70175933837890625 50.4288787841796875 52.311809539794921875 53.359893798828125 51.937473297119140625
38.749034881591796875 38.8269195556640625 38.307861328125 37.633655548095703125 36.247772216796875 35.388042449951171875 32.770397186279296875 27.513187408447265625 17.545946121215820312 9.13690185546875 3.9747266769409179688 0.86818557977676391602 0 0 0 0 0 0 0 0 4.43259429931640625 12.912092208862304688 20.158533096313476562 24.1374664306640625 27.091167449951171875 28.440359115600585938 29.678501129150390625 30.725706100463867188 31.811780929565429688 32.8600311279296875 33.84789276123046875 35.379245758056640625 37.25913238525390625 36.88037872314453125 38.57550048828125 37.041950225830078125 37.564762115478515625 38.08007049560546875 39.355960845947265625 38.905834197998046875 38.21778106689453125 39.00229644775390625 39.89067840576171875 40.89424896240234375 41.76154327392578125 42.839385986328125 43.543548583984375 44.740795135498046875 44.977359771728515625 45.274600982666015625 45.790618896484375 47.15441131591796875 47.614177703857421875 47.14508819580078125 47.881099700927734375 48.55318450927734375 48.494411468505859375 49.3717803955078125
38.68563079833984375 38.723224639892578125 38.793254852294921875 36.393215179443359375 35.080036163330078125 34.04122161865234375 32.139514923095703125 27.4226531982421875 9.8314695358276367188 1.2421337366104125977 0.27766194939613342285 0 0 0 0 0 0 0 0 0 11.690621376037597656 21.988605499267578125 24.226795196533203125 26.343057632446289062 28.024396896362304688 29.647958755493164062 30.712177276611328125 31.606260299682617188 32.233493804931640625 32.84125518798828125 33.760524749755859375 33.824459075927734375 34.4151153564453125 34.38339996337890625 35.437679290771484375 35.726322174072265625 35.710872650146484375 36.68206787109375 37.85997772216796875 37.57764434814453125 37.6921539306640625 38.51334381103515625 39.48028564453125 39.813625335693359375 41.61513519287109375 42.43833160400390625 42.95375823974609375 44.083965301513671875 44.559032440185546875 45.4877166748046875 46.12384796142578125 46.65587615966796875 47.630702972412109375 47.84265899658203125 47.446460723876953125 47.554744720458984375 47.637844085693359375 47.75627899169921875
37.31687164306640625 38.389892578125 39.901275634765625 34.8353424072265625 33.87007904052734375 32.280284881591796875 29.190120697021484375 17.196338653564453125 3.2494564056396484375 3.3982858657836914062 0 0 0 0 0 0 0 0 0 5.1299118995666503906 15.644501686096191406 23.011272430419921875 25.093523025512695312 27.0487213134765625 28.157529830932617188 29.273355484008789062 30.117580413818359375 31.098812103271484375 31.364885330200195312 31.392927169799804688 31.542003631591796875 31.642065048217773438 31.007635116577148438 31.388568878173828125 33.213268280029296875 35.18524169921875 36.3515167236328125 37.302867889404296875 37.468112945556640625 36.96814727783203125 37.3089752197265625 38.56702423095703125 39.485630035400390625 39.7120513916015625 41.10730743408203125 42.024631500244140625 42.612178802490234375 43.606433868408203125 44.022121429443359375 45.03519439697265625 45.27927398681640625 46.0925140380859375 46.92864990234375 47.0794525146484375 46.583057403564453125 46.779125213623046875 47.30471038818359375 46.89490509033203125
34.1749267578125 34.74681854248046875 35.179279327392578125 33.65309906005859375 31.958478927612304688 29.915994644165039062 25.622898101806640625 12.63521575927734375 2.2667500972747802734 0 0 0 0 0 0 0 0 0 3.3338034152984619141 10.25982666015625 19.783250808715820312 23.279733657836914062 24.522813796997070312 26.265277862548828125 27.33712005615234375 27.675607681274414062 28.139169692993164062 28.691930770874023438 29.2026214599609375 28.567552566528320312 27.841028213500976562 26.822206497192382812 27.16220855712890625 29.074296951293945312 32.118495941162109375 35.753665924072265625 38.9353179931640625 38.399669647216796875 37.4329681396484375 37.761280059814453125 38.039539337158203125 38.4504852294921875 39.587810516357421875 40.209918975830078125 40.722988128662109375 41.748615264892578125 42.037158966064453125 42.877552032470703125 43.43956756591796875 44.284183502197265625 44.620395660400390625 45.051288604736328125 46.056262969970703125 46.509716033935546875 46.147491455078125 46.210712432861328125 46.311977386474609375 46.524387359619140625
31.708957672119140625 31.672069549560546875 31.290935516357421875 30.627508163452148438 29.370958328247070312 24.041095733642578125 7.9661917686462402344 1.6906180381774902344 0 0 0 0 0 0 0 0 0 0 6.113903045654296875 15.047718048095703125 21.112773895263671875 23.240022659301757812 24.436162948608398438 24.720052719116210938 24.928340911865234375 25.7577972412109375 25.530015945434570312 25.358873367309570312 24.016237258911132812 23.659740447998046875 23.966165542602539062 26.172977447509765625 29.401458740234375 32.164264678955078125 33.366260528564453125 34.983608245849609375 36.638217926025390625 36.736377716064453125 37.423954010009765625 38.069019317626953125 37.999607086181640625 38.483119964599609375 39.65987396240234375 40.3749237060546875 40.735198974609375 41.466831207275390625 42.011203765869140625 42.15702056884765625 43.109401702880859375 44.008617401123046875 43.879497528076171875 44.912410736083984375 45.413188934326171875 45.445537567138671875 45.381866455078125 45.3529510498046875 45.72776031494140625 45.556545257568359375
28.329807281494140625 28.641025543212890625 28.188846588134765625 26.759401321411132812 21.132268905639648438 4.4766359329223632812 0.48866724967956542969 0 0 0 0 0 0 0 0 0 0 0 8.432346343994140625 16.32586669921875 20.74485015869140625 22.142354965209960938 23.019287109375 23.0123138427734375 23.018045425415039062 21.861783981323242188 20.107385635375976562 19.44887542724609375 21.19757843017578125 24.37261199951171875 27.444509506225585938 29.635000228881835938 31.425184249877929688 32.83979034423828125 33.99823760986328125 34.71643829345703125 35.51644134521484375 35.959774017333984375 36.959781646728515625 37.5793914794921875 37.502712249755859375 38.100337982177734375 39.37279510498046875 40.124820709228515625 40.355350494384765625 41.144329071044921875 41.383453369140625 41.83562469482421875 42.59697723388671875 43.424480438232421875 43.910717010498046875 44.118579864501953125 44.706005096435546875 44.356601715087890625 44.872386932373046875 44.417144775390625 44.347751617431640625 44.4382476806640625
24.100908279418945312 24.243137359619140625 23.3742523193359375 21.8557891845703125 10.084445953369140625 0.24835036695003509521 0 0 0 0 0 0 0 0 0 0 0 1.6915977001190185547 7.4534735679626464844 12.341480255126953125 16.187437057495117188 18.334684371948242188 19.764507293701171875 19.047601699829101562 16.771062850952148438 14.754391670227050781 16.079494476318359375 20.459014892578125 25.58237457275390625 28.770265579223632812 30.293916702270507812 31.132720947265625 31.878431320190429688 32.642406463623046875 33.5627899169921875 34.3171844482421875 35.579601287841796875 38.2460174560546875 40.500873565673828125 37.432590484619140625 36.86586761474609375 37.2704010009765625 38.258331298828125 39.591983795166015625 40.154315948486328125 40.547565460205078125 40.792236328125 41.886577606201171875 42.3933258056640625 42.306316375732421875 42.84453582763671875 42.96369171142578125 43.410648345947265625 43.598419189453125 44.167682647705078125 44.34680938720703125 43.970005035400390625 43.583232879638671875
15.582515716552734375 14.722240447998046875 10.250653266906738281 7.555927276611328125 0.99737018346786499023 0 0 0 0 0 0 0 0 0 0 0 0 0 1.1304548978805541992 1.8242717981338500977 3.3473339080810546875 5.5824537277221679688 6.6374301910400390625 6.1407504081726074219 7.8512353897094726562 13.295587539672851562 20.93305206298828125 25.588182449340820312 28.83893585205078125 30.0337982177734375 30.671979904174804688 31.747793197631835938 32.337039947509765625 32.91938018798828125 33.259063720703125 33.957126617431640625 34.9123382568359375 37.204296112060546875 38.211322784423828125 37.104373931884765625 36.475399017333984375 37.2521820068359375 38.42887115478515625 39.23308563232421875 39.3906402587890625 40.233673095703125 40.80440521240234375 41.375286102294921875 41.894718170166015625 42.018131256103515625 42.417293548583984375 42.43639373779296875 42.62535858154296875 42.88915252685546875 42.5009918212890625 42.784942626953125 42.7000579833984375 42.41651153564453125
3.5755136013031005859 2.1663105487823486328 2.0857415199279785156 1.5198907852172851562 0 0 0 0 0 0 0 0 0 0 0 0 0 0 0 0 0 0 1.1314655542373657227 3.0472204685211181641 10.467874526977539062 19.865350723266601562 25.373874664306640625 27.284130096435546875 29.002733230590820312 30.279022216796875 31.253828048706054688 32.236980438232421875 32.53699493408203125 32.602081298828125 32.670925140380859375 33.14229583740234375 34.3464813232421875 35.50909423828125 36.067356109619140625 36.5710906982421875 36.9066314697265625 38.049892425537109375 38.72423553466796875 39.14069366455078125 39.513462066650390625 40.51378631591796875 40.883514404296875 41.12299346923828125 41.5486907958984375 41.6404876708984375 41.708919525146484375 41.69757080078125 42.0115814208984375 42.432987213134765625 42.03835296630859375 41.93134307861328125 42.05037689208984375 41.7288970947265625
0 0 0 0 0 0 0 0 0 0 0 0 0 0 0 0 0 0 0 0 0 0 0 8.144378662109375 14.300168037414550781 22.62908935546875 26.357418060302734375 27.487010955810546875 29.240110397338867188 30.529048919677734375 31.256471633911132812 31.863431930541992188 32.229747772216796875 32.2007598876953125 32.00534820556640625 31.714611053466796875 32.618679046630859375 33.89404296875 35.10980987548828125 36.30336761474609375 36.9081268310546875 37.59754180908203125 38.0733184814453125 38.3714141845703125 39.12601470947265625 39.948192596435546875 40.615142822265625 40.451213836669921875 40.51203155517578125 40.579517364501953125 40.987667083740234375 40.890277862548828125 40.50506591796875 41.004489898681640625 40.90853118896484375 40.33514404296875 40.138309478759765625 39.19979095458984375
5.9294996261596679688 0 0 0 0 0 0 0 0 0 0 0 0 0 0 0 0 0 0 0 0 0 0 9.8332128524780273438 17.05204010009765625 22.792613983154296875 25.605688095092773438 27.986232757568359375 29.374086380004882812 29.960292816162109375 30.402250289916992188 31.160943984985351562 31.651720046997070312 31.220876693725585938 30.45467376708984375 29.895801544189453125 31.98089599609375 33.9945526123046875 34.9907684326171875 35.780376434326171875 36.64530181884765625 37.284778594970703125 37.667476654052734375 37.76833343505859375 38.12444305419921875 39.160106658935546875 39.48810577392578125 39.409023284912109375 39.36312103271484375 40.052974700927734375 40.07715606689453125 39.7585296630859375 39.995998382568359375 39.79164886474609375 39.364871978759765625 38.90454864501953125 38.440097808837890625 36.981906890869140625
6.4953742027282714844 2.8922417163848876953 0 0 0 0 0 0 0 0 0 0 0 0 0 0 0 0 0 0 0 0 0 4.2786326408386230469 9.4386892318725585938 15.573699951171875 20.997686386108398438 25.4900970458984375 27.02593231201171875 27.155931472778320312 29.045501708984375 29.4597015380859375 29.687107086181640625 28.029476165771484375 26.221994400024414062 28.04418182373046875 31.855899810791015625 33.7268829345703125 34.0597381591796875 35.410228729248046875 36.506061553955078125 36.724582672119140625 36.999248504638671875 37.52228546142578125 37.733615875244140625 38.525447845458984375 38.872020721435546875 38.69290924072265625 38.363246917724609375 38.6266937255859375 38.819858551025390625 38.998569488525390625 39.047718048095703125 39.00409698486328125 38.359859466552734375 38.15847015380859375 37.37493896484375 35.582672119140625
5.3657712936401367188 0 0 0 0 0 0 0 0 0 0 0 0 0 0 0 0 0 0 0 0 0 0 0 0 0 6.6777720451354980469 11.99141693115234375 15.287395477294921875 19.0500640869140625 23.310520172119140625 24.738986968994140625 23.64630889892578125 21.384349822998046875 24.485483169555664062 28.540607452392578125 31.32749176025390625 32.5907745361328125 33.61536407470703125 34.650318145751953125 35.48764801025390625 36.4198150634765625 36.866054534912109375 37.07691192626953125 37.413784027099609375 37.64537811279296875 38.30895233154296875 38.240116119384765625 38.112060546875 38.371246337890625 38.208740234375 38.375652313232421875 38.1034698486328125 37.998081207275390625 37.497814178466796875 37.140857696533203125 36.791904449462890625 35.521427154541015625
23.18102264404296875 12.049619674682617188 0 0 0 0 0 0 0 0 0 0 0 0 0 0 0 0 0 0 0 0 0 0 0 0 0 0 5.1362218856811523438 6.2665948867797851562 11.606425285339355469 14.326275825500488281 13.595914840698242188 18.283985137939453125 24.8227081298828125 28.3503570556640625 29.983510971069335938 31.35012054443359375 32.65113067626953125 33.574199676513671875 35.13916015625 35.829700469970703125 36.2766571044921875 36.963611602783203125 36.867877960205078125 37.38829803466796875 37.538970947265625 37.83272552490234375 37.623378753662109375 37.66835784912109375 37.561859130859375 37.3467254638671875 36.94573974609375 35.792179107666015625 35.40775299072265625 33.64748382568359375 31.22220611572265625 29.39189910888671875
31.940921783447265625 26.801496505737304688 0 0 0 0 0 0 0 0 0 0 0 0 0 0 0 0 0 0 0 0 0 0 0 0 0 0 0 0 0 4.2599263191223144531 5.3574976921081542969 9.650836944580078125 13.554304122924804688 17.843412399291992188 22.870220184326171875 26.237802505493164062 30.214763641357421875 33.113971710205078125 34.59714508056640625 36.04395294189453125 35.849811553955078125 36.07408905029296875 36.6192169189453125 36.95528411865234375 37.204074859619140625 36.798313140869140625 36.34133148193359375 36.273548126220703125 35.94487762451171875 35.08506011962890625 35.059490203857421875 32.8504180908203125 29.174821853637695312 18.881967544555664062 14.537924766540527344 12.999045372009277344
35.889858245849609375 33.3122406005859375 21.16207122802734375 0 0 0 0 0 0 0 0 0 0 0 0 0 0 0 0 0 0 0 0 0 0 0 0 0 0 0 0 0 0 0 0 4.1221413612365722656 12.10424041748046875 23.735609054565429688 30.835390090942382812 34.72022247314453125 32.345829010009765625 34.218593597412109375 34.09151458740234375 33.2059478759765625 34.059051513671875 35.340328216552734375 36.10829925537109375 35.477352142333984375 32.835109710693359375 30.864383697509765625 30.528631210327148438 30.23157501220703125 28.713409423828125 23.456272125244140625 12.078761100769042969 1.3441251516342163086 1.3529181480407714844 2.0267403125762939453
32.998889923095703125 33.88907623291015625 19.161609649658203125 0 0 0 0 0 0 0 0 0 0 0 0 0 0 0 0 0 0 0 0 0 0 0 0 0 0 0 0 0 0 0 0 0 0 0 17.608335494995117188 20.62523651123046875 23.265003204345703125 26.114999771118164062 26.903858184814453125 25.865777969360351562 25.578546524047851562 25.32823944091796875 24.751604080200195312 24.759820938110351562 22.25220489501953125 19.6039276123046875 18.690723419189453125 16.234693527221679688 10.297480583190917969 2.5872669219970703125 0.65776848793029785156 0 0 0
17.241291046142578125 18.888715744018554688 19.304166793823242188 11.469069480895996094 0 0 0 0 0 0 0 0 0 0 0 0 0 0 0 0 0 0 0 0 0 0 0 0 0 0 0 0 0 0 0 0 0 0 0 3.5293779373168945312 5.4596967697143554688 6.5569887161254882812 6.9337091445922851562 7.3156666755676269531 7.3236136436462402344 6.5084013938903808594 5.7604188919067382812 5.9232487678527832031 5.732654571533203125 5.1968054771423339844 4.2939286231994628906 0 0 0 0 0 0 0
1.7908192873001098633 1.8685702085494995117 2.0419714450836181641 0 0 0 0 0 0 0 0 0 0 0 0 0 0 0 0 0 0 0 0 0 0 0 0 0 0 0 0 0 0 0 0 0 0 0 0 0 0 0 0 1.1169220209121704102 0 0 0 0 0 0 0 0 0 0 0 0 0 0
0 0 0 0 0 0 0 0 0 0 0 0 0 0 0 0 0 0 0 0 0 0 0 0 0 0 0 0 0 0 0 0 0 0 0 0 0 0 0 4.6761317253112792969 11.582721710205078125 17.485376358032226562 17.682176589965820312 16.864986419677734375 9.42475128173828125 1.4619724750518798828 0 0 0 0 0 0 0 0 0 0 0 0
0 0 0 0 0 0 0 0 0 0 0 0 0 0 0 0 0 0 0 0 0 0 0 0 0 0 0 0 0 0 0 0 0 0 0 0 0 11.897855758666992188 19.03681182861328125 23.833711624145507812 28.45792388916015625 30.730482101440429688 28.68212890625 21.101703643798828125 9.5295562744140625 1.0505876541137695312 0 0 0 0 0 0 0 0 0 0 0 0
0 0 0 0 0 0 0 0 0 0 0 0 0 0 0 0 0 0 0 0 0 0 0 0 0 0 0 0 0 0 0 0 0 0 0 0 3.1951253414154052734 8.1572580337524414062 14.087799072265625 21.97255706787109375 30.838853836059570312 34.08760833740234375 26.826833724975585938 16.330423355102539062 3.1481969356536865234 1.0206673145294189453 0 0 0 0 0 0 0 0 0 0 0 0
0 0 0 0 0 0 0 0 0 0 0 0 0 0 0 0 0 0 0 0 0 0 0 0 0 0 0 0 0 0 0 0 0 0 0 0 0 0 0 4.6164240837097167969 18.610748291015625 25.111364364624023438 23.60810089111328125 11.997916221618652344 0 0 0 0 0 0 0 0 0 0 0 0 0 0
0 0 0 0 0 0 0 0 0 0 0 0 0 0 0 0 0 0 0 0 0 0 0 0 0 0 0 0 0 0 0 0 0 0 0 0 0 0 0.44945293664932250977 3.2082479000091552734 10.071775436401367188 14.6966094970703125 16.974576950073242188 9.8594617843627929688 0 0 0 0 0 0 0 0 0 0 0 0 0 0
