servern/src/esri-grid/belleile.asc
ncols        860
nrows        486
xllcorner    -3.287777777778
yllcorner    47.265416666667
cellsize     0.000277777778
[rows 104 to 129 of 486, columns 290 to 347 of 860]
1.4560580253601074219 0 0 0 0 5.4855480194091796875 10.711966514587402344 17.270318984985351562 0 0 2.8157029151916503906 10.1377716064453125 18.50080108642578125 24.793153762817382812 28.59531402587890625 30.842477798461914062 32.106090545654296875 32.45339202880859375 32.752384185791015625 32.75623321533203125 29.097415924072265625 17.417901992797851562 7.92671966552734375 0 0 0 0 0 0 0 0 0 0 0 0 0 0 0 0 0 0 0 0 0 0 0 0 0 0 0 0 0 0 0 0 0 0 0
11.826709747314453125 2.1865770816802978516 0 2.4388382434844970703 7.5846710205078125 18.001188278198242188 23.833776473999023438 21.978410720825195312 12.031046867370605469 4.4712605476379394531 8.813800811767578125 17.968496322631835938 25.702344894409179688 30.383625030517578125 33.29874420166015625 33.857452392578125 33.659099578857421875 34.23981475830078125 34.41939544677734375 34.56003570556640625 33.740558624267578125 29.022294998168945312 23.377954483032226562 13.20858001708984375 0 0 0 0 0 0 0 0 0 0 0 0 0 0 0 0 0 0 0 0 0 0 0 0 0 0 0 0 0 0 0 0 0 0
23.697149276733398438 15.497218132019042969 14.399244308471679688 16.174615859985351562 20.964303970336914062 26.02436065673828125 26.286317825317382812 21.2216949462890625 16.297418594360351562 10.598822593688964844 13.441353797912597656 21.2775421142578125 28.442964553833007812 31.995769500732421875 36.359729766845703125 41.287883758544921875 39.803009033203125 35.778202056884765625 35.8967742919921875 38.279415130615234375 36.935207366943359375 35.47678375244140625 30.134481430053710938 21.15091705322265625 10.787077903747558594 0 0 0 0 0 0 0 0 0 0 0 0 0 0 0 0 0 0 0 0 0 0 0 0 0 0 0 0 0 0 0 0 0
34.021209716796875 33.405628204345703125 32.235706329345703125 31.74304962158203125 31.785154342651367188 29.955028533935546875 27.737829208374023438 26.003139495849609375 19.064697265625 14.968184471130371094 14.727017402648925781 19.001064300537109375 24.82373046875 30.286558151245117188 34.5970306396484375 35.010173797607421875 35.59433746337890625 36.005908966064453125 37.20621490478515625 38.096996307373046875 37.5004730224609375 36.236919403076171875 33.4841156005859375 27.77347564697265625 18.983295440673828125 9.4177417755126953125 0 0 0 0 0 0 0 0 0 0 0 0 0 0 0 0 0 0 0 0 0 0 0 0 0 0 0 0 0 0 0 0
34.79517364501953125 34.869380950927734375 35.0732269287109375 34.344600677490234375 33.26667022705078125 32.103931427001953125 28.446390151977539062 25.569423675537109375 24.464443206787109375 18.514345169067382812 20.061662673950195312 20.517177581787109375 22.942789077758789062 28.3279571533203125 32.8664398193359375 34.50011444091796875 35.607082366943359375 36.809307098388671875 36.977146148681640625 36.85233306884765625 36.72841644287109375 35.6510467529296875 34.655605316162109375 29.513301849365234375 21.331684112548828125 14.211339950561523438 1.7111902236938476562 2.0552015304565429688 1.6844601631164550781 0 0 0 0 0 0 0 0 0 0 0 0 0 0 0 0 0 0 0 0 0 0 0 0 0 0 0 0 0
35.50606536865234375 35.721771240234375 35.435520172119140625 34.99265289306640625 34.697307586669921875 33.45688629150390625 26.891153335571289062 23.218355178833007812 22.604322433471679688 25.996282577514648438 29.746984481811523438 30.487834930419921875 26.2677001953125 27.893259048461914062 32.27639007568359375 34.733280181884765625 36.397289276123046875 36.9171142578125 37.237751007080078125 38.567890167236328125 38.278285980224609375 39.55821990966796875 36.279354095458984375 28.69775390625 22.068752288818359375 14.877902030944824219 9.22431182861328125 12.395444869995117188 9.514404296875 7.541690826416015625 1.1994371414184570312 0.46517345309257507324 0.28412774205207824707 0.28721454739570617676 0.14120738208293914795 0.73624742031097412109 0 0 0 0 0 0 0 0 0 0 0 0 0 0 0 0 0 0 0 0 0 0
35.651599884033203125 36.119049072265625 36.07735443115234375 35.499805450439453125 37.514385223388671875 33.170074462890625 25.3160552978515625 21.6179962158203125 23.829999923706054688 31.16204833984375 34.789005279541015625 36.5366668701171875 36.452312469482421875 31.53939056396484375 31.897649765014648438 34.7146759033203125 37.759265899658203125 41.3788909912109375 46.39321136474609375 51.397640228271484375 56.46495819091796875 56.44538116455078125 48.143589019775390625 31.94179534912109375 25.339288711547851562 22.5437469482421875 23.65781402587890625 29.144506454467773438 28.023260116577148438 23.131616592407226562 11.212357521057128906 10.382703781127929688 8.7759294509887695312 2.6779894828796386719 3.3794660568237304688 7.30165863037109375 0 0 0 0 0 0 0 0 0 0 0 0 0 0 0 0 0 0 0 0 0 0
35.969257354736328125 36.142185211181640625 36.31711578369140625 35.477703094482421875 36.740436553955078125 32.665287017822265625 25.977491378784179688 22.470876693725585938 28.092805862426757812 34.401386260986328125 35.795024871826171875 37.84561920166015625 40.507732391357421875 38.755268096923828125 36.376712799072265625 36.3768310546875 40.122920989990234375 46.699810028076171875 54.4875640869140625 60.33025360107421875 60.142391204833984375 57.515716552734375 51.428356170654296875 35.59043121337890625 29.068082809448242188 28.564891815185546875 33.6363525390625 39.51796722412109375 37.85070037841796875 33.929782867431640625 27.142459869384765625 24.968507766723632812 25.392251968383789062 20.701498031616210938 19.59856414794921875 20.184186935424804688 0 0 0 0 0 0 0 0 0 0 0 0 0 0 0 0 0 0 0 0 0 0
36.458110809326171875 36.52520751953125 36.65416717529296875 36.098926544189453125 36.8036651611328125 39.260929107666015625 34.507904052734375 25.392713546752929688 31.57659149169921875 35.334339141845703125 36.62358856201171875 37.86763763427734375 38.4697265625 38.703369140625 39.44696044921875 43.111560821533203125 45.4766845703125 49.745662689208984375 56.1969146728515625 56.058071136474609375 53.93944549560546875 52.501506805419921875 50.288204193115234375 42.406528472900390625 40.01074981689453125 41.3306427001953125 44.666713714599609375 39.95056915283203125 38.43495941162109375 37.431720733642578125 36.31919097900390625 35.035247802734375 28.708177566528320312 23.322277069091796875 20.21773529052734375 18.260587692260742188 12.707467079162597656 0 0 0 0 0 0 0 0 0 0 0 0 0 0 0 0 0 0 0 0 0
37.01007080078125 36.96977996826171875 36.85753631591796875 36.36698150634765625 36.20589447021484375 37.613739013671875 30.095212936401367188 28.547567367553710938 33.831390380859375 36.014545440673828125 37.4885101318359375 38.543422698974609375 39.2272796630859375 39.852504730224609375 40.63381195068359375 41.889102935791015625 41.976833343505859375 43.036937713623046875 43.147235870361328125 42.48989105224609375 41.704524993896484375 40.572185516357421875 39.929950714111328125 41.1282196044921875 53.509159088134765625 55.388416290283203125 48.963077545166015625 39.235691070556640625 38.06191253662109375 37.11179351806640625 39.0232086181640625 41.408977508544921875 33.16213226318359375 22.10984039306640625 18.678033828735351562 12.07857513427734375 4.6493906974792480469 0 0 0 0 0 0 0 0 0 0 0 0 0 0 0 0 0 0 0 0 0
37.689647674560546875 37.669219970703125 37.25775909423828125 36.8122100830078125 36.978122711181640625 36.134185791015625 29.103008270263671875 30.09311676025390625 35.2737884521484375 37.363037109375 38.914180755615234375 39.2378387451171875 40.1737060546875 40.62332916259765625 41.726566314697265625 41.2037811279296875 41.183719635009765625 41.2105712890625 41.200954437255859375 41.071674346923828125 40.972980499267578125 40.286663055419921875 42.3050537109375 43.820415496826171875 55.88736724853515625 54.05890655517578125 42.703388214111328125 40.890777587890625 39.833408355712890625 38.671298980712890625 39.68350982666015625 43.800022125244140625 43.235904693603515625 29.654611587524414062 23.261343002319335938 8.9548597335815429688 3.1211612224578857422 0.57291209697723388672 0 0 0 0 0 0 0 0 0 0 0 0 0 0 0 0 0 0 0 0
38.205379486083984375 38.193836212158203125 37.826221466064453125 37.72975921630859375 37.25704193115234375 38.70583343505859375 39.34108734130859375 33.28472900390625 36.537750244140625 38.218780517578125 38.9560546875 39.8065643310546875 40.306575775146484375 41.130634307861328125 41.88636016845703125 41.21031951904296875 41.685085296630859375 41.930084228515625 42.004581451416015625 41.9976806640625 41.963443756103515625 42.58648681640625 47.274707794189453125 52.81681060791015625 59.592632293701171875 61.71909332275390625 58.36232757568359375 57.938365936279296875 57.2848052978515625 54.62630462646484375 51.7950897216796875 51.10025787353515625 49.908641815185546875 41.621135711669921875 30.375507354736328125 20.077457427978515625 13.983266830444335938 9.7878513336181640625 0 0 0 0 0 0 0 0 0 0 0 0 0 0 0 0 0 0 0 0
39.317150115966796875 39.195034027099609375 39.14559173583984375 38.524272918701171875 37.7568511962890625 40.2455596923828125 37.609989166259765625 36.31125640869140625 38.00891876220703125 37.471004486083984375 38.363422393798828125 39.68804931640625 40.7377166748046875 41.882778167724609375 42.0982513427734375 41.895755767822265625 42.206531524658203125 42.5589599609375 42.57630157470703125 42.80672454833984375 42.94122314453125 44.846920013427734375 49.556034088134765625 55.863208770751953125 63.2140960693359375 65.26558685302734375 64.48609161376953125 65.26975250244140625 65.1035919189453125 63.520252227783203125 59.735462188720703125 55.26297760009765625 52.879459381103515625 47.588085174560546875 34.4173126220703125 24.81403350830078125 20.055452346801757812 12.714106559753417969 0 0 0 0 0 0 0 0 0 0 0 0 0 0 0 0 0 0 0 0
40.511394500732421875 40.19129180908203125 39.791133880615234375 39.11791229248046875 38.07171630859375 39.632686614990234375 35.93810272216796875 36.65167999267578125 36.056209564208984375 36.377033233642578125 37.7362823486328125 39.25054168701171875 41.3108978271484375 42.7065277099609375 42.3330078125 42.258152008056640625 42.724086761474609375 43.393253326416015625 43.3972625732421875 43.319248199462890625 43.301105499267578125 45.0201416015625 49.278720855712890625 54.811389923095703125 58.13390350341796875 57.9547576904296875 56.962406158447265625 58.8855133056640625 59.4774017333984375 54.923717498779296875 51.675609588623046875 51.2186431884765625 47.67313385009765625 37.576602935791015625 26.07442474365234375 20.424192428588867188 17.887685775756835938 6.3070464134216308594 0.45689547061920166016 0 0 0 0 0 0 0 0 0 0 0 0 0 0 0 0 0 0 0
41.285511016845703125 40.81665802001953125 40.796268463134765625 40.532588958740234375 39.68505096435546875 42.25661468505859375 39.562381744384765625 38.16728973388671875 37.149425506591796875 38.089313507080078125 39.228969573974609375 40.327930450439453125 41.695751190185546875 42.529048919677734375 42.95096588134765625 43.17464447021484375 43.582611083984375 43.87042999267578125 44.06702423095703125 44.61919403076171875 44.723461151123046875 46.769744873046875 47.539501190185546875 48.357784271240234375 45.935516357421875 45.714717864990234375 43.391326904296875 42.04479217529296875 39.71612548828125 36.62615966796875 34.997058868408203125 36.83060455322265625 39.4118804931640625 34.5404052734375 29.879459381103515625 24.47515869140625 16.630397796630859375 10.896370887756347656 7.5325336456298828125 4.2884707450866699219 0 0 0 0 0 0 0 0 0 0 0 0 0 0 0 0 0 0
41.8724822998046875 41.579242706298828125 41.779815673828125 41.578144073486328125 41.36045074462890625 42.66896820068359375 40.738368988037109375 39.900848388671875 39.692256927490234375 40.417415618896484375 41.237125396728515625 42.2264862060546875 43.131591796875 43.2702484130859375 43.76116943359375 44.18930816650390625 44.525310516357421875 44.1961517333984375 44.562900543212890625 44.935131072998046875 44.94385528564453125 45.11786651611328125 45.684597015380859375 45.646724700927734375 45.019229888916015625 44.13774871826171875 43.5471649169921875 44.112148284912109375 38.52288818359375 35.657207489013671875 34.96024322509765625 37.258148193359375 41.16291046142578125 36.2912750244140625 26.8749847412109375 20.6694793701171875 19.924846649169921875 20.826585769653320312 23.047672271728515625 21.293836593627929688 13.104624748229980469 10.586859703063964844 3.4984111785888671875 3.0422837734222412109 0 0 0 0 0 0 0 0 0 0 0 0 0 0
42.909442901611328125 42.810756683349609375 42.575496673583984375 42.505733489990234375 42.357234954833984375 43.116237640380859375 43.172504425048828125 41.874828338623046875 41.495635986328125 44.294994354248046875 45.45264434814453125 44.239002227783203125 43.22602081298828125 44.129688262939453125 44.686542510986328125 44.689228057861328125 45.37364959716796875 45.47170257568359375 45.592365264892578125 45.339244842529296875 45.14557647705078125 45.61358642578125 45.721317291259765625 45.672611236572265625 44.90090179443359375 44.43555450439453125 44.11297607421875 45.105159759521484375 42.0706939697265625 40.560504913330078125 39.86785125732421875 42.370906829833984375 42.50167083740234375 31.58728790283203125 26.185934066772460938 28.105213165283203125 31.07669830322265625 30.647226333618164062 30.254505157470703125 29.536617279052734375 27.220729827880859375 23.667980194091796875 17.108367919921875 9.898456573486328125 1.3368167877197265625 0 0 0 0 0 0 0 0 0 0 0 0 0
43.685699462890625 43.54698944091796875 43.66834259033203125 43.7985687255859375 43.642974853515625 43.614620208740234375 45.500457763671875 45.65319061279296875 44.914707183837890625 45.157215118408203125 45.328887939453125 44.393764495849609375 45.505138397216796875 47.51149749755859375 47.917140960693359375 47.0977783203125 48.220371246337890625 46.911853790283203125 46.098392486572265625 45.912296295166015625 45.9263458251953125 45.977230072021484375 46.05280303955078125 46.09386444091796875 46.18087005615234375 44.96260833740234375 44.1768646240234375 43.895137786865234375 43.282695770263671875 42.45893096923828125 41.061901092529296875 43.44020843505859375 42.482700347900390625 34.697834014892578125 29.896921157836914062 33.574184417724609375 34.401760101318359375 33.861968994140625 32.203449249267578125 30.625978469848632812 28.179128646850585938 24.076707839965820312 19.666753768920898438 12.055212974548339844 1.6715383529663085938 0 0 0 0 0 0 0 0 0 0 0 0 0
44.051982879638671875 44.383541107177734375 44.3506927490234375 44.45331573486328125 44.759876251220703125 44.84096527099609375 46.28357696533203125 46.307590484619140625 46.10597991943359375 46.4349822998046875 47.211963653564453125 45.623065948486328125 47.3798828125 49.465911865234375 48.75890350341796875 46.719699859619140625 47.34621429443359375 46.510944366455078125 46.462314605712890625 46.311981201171875 46.27893829345703125 46.656566619873046875 46.442852020263671875 46.39327239990234375 46.229450225830078125 45.7096405029296875 45.1662445068359375 44.78908538818359375 43.867824554443359375 42.81546783447265625 40.75543212890625 39.58379364013671875 38.341705322265625 36.769886016845703125 35.874027252197265625 37.58960723876953125 36.259540557861328125 34.937465667724609375 33.376743316650390625 32.1202545166015625 31.60341644287109375 28.8828125 23.860147476196289062 15.32277679443359375 3.8179349899291992188 1.1556696891784667969 0 0 0 0 0 0 0 0 0 0 0 0
44.853786468505859375 45.031543731689453125 45.22930908203125 45.19329071044921875 45.614566802978515625 46.959255218505859375 48.113109588623046875 48.178882598876953125 46.23448944091796875 46.802280426025390625 46.662586212158203125 46.991733551025390625 47.47769927978515625 47.6700592041015625 47.65345001220703125 48.250164031982421875 47.61875152587890625 46.82447052001953125 46.884197235107421875 46.387310028076171875 46.2372894287109375 46.6031036376953125 46.47858428955078125 46.1141204833984375 46.254730224609375 46.182178497314453125 45.97852325439453125 45.646129608154296875 44.653629302978515625 43.246082305908203125 40.56296539306640625 37.2405548095703125 36.645565032958984375 37.944553375244140625 37.941661834716796875 38.055828094482421875 36.704761505126953125 35.46176910400390625 34.2524261474609375 33.33280181884765625 31.991123199462890625 28.871107101440429688 23.090850830078125 12.965069770812988281 3.5012171268463134766 1.4961527585983276367 1.8427764177322387695 0 0 0 0 0 0 0 0 0 0 0
48.572292327880859375 45.97699737548828125 45.489582061767578125 46.74594879150390625 47.871917724609375 47.197784423828125 47.415592193603515625 48.371189117431640625 48.0531158447265625 47.891941070556640625 48.082958221435546875 47.406322479248046875 46.972965240478515625 47.047760009765625 46.800262451171875 46.773014068603515625 46.385860443115234375 46.373249053955078125 46.17031097412109375 46.273975372314453125 45.75289154052734375 45.7143096923828125 45.695125579833984375 45.481109619140625 45.535732269287109375 46.258213043212890625 46.3707122802734375 45.7982177734375 45.102237701416015625 43.474822998046875 41.54676055908203125 39.341144561767578125 38.26729583740234375 39.121669769287109375 41.0393218994140625 40.795116424560546875 37.817272186279296875 36.198986053466796875 34.8451080322265625 33.23462677001953125 29.889890670776367188 24.64134979248046875 19.455701828002929688 12.058917045593261719 1.6843930482864379883 0.57144170999526977539 1.7909957170486450195 1.8046666383743286133 1.8253567218780517578 0 0 0 0 0 0 0 0 0
48.99398040771484375 46.648029327392578125 45.970458984375 48.658203125 47.016735076904296875 47.723827362060546875 47.93023681640625 48.090213775634765625 48.171932220458984375 47.672351837158203125 46.961185455322265625 47.196659088134765625 46.9772796630859375 47.36421966552734375 46.324863433837890625 46.20529937744140625 46.024028778076171875 46.166790008544921875 45.434783935546875 45.45476531982421875 45.31195831298828125 45.108570098876953125 45.417896270751953125 45.5513763427734375 45.631855010986328125 46.031871795654296875 45.89937591552734375 45.5011444091796875 44.9912109375 44.167377471923828125 44.397281646728515625 44.955112457275390625 44.222133636474609375 44.134037017822265625 42.331817626953125 39.070590972900390625 38.610630035400390625 37.26329803466796875 35.69841766357421875 34.22093963623046875 29.8650665283203125 24.070354461669921875 15.733439445495605469 8.6050786972045898438 3.7501633167266845703 7.4891576766967773438 14.674511909484863281 19.2194366455078125 17.696300506591796875 11.005542755126953125 9.9274187088012695312 7.1179513931274414062 0 0 0 0 0 0
47.3059844970703125 46.165409088134765625 46.2584075927734375 48.232112884521484375 47.683818817138671875 49.926708221435546875 51.64577484130859375 51.3580474853515625 49.419994354248046875 47.755641937255859375 48.1094818115234375 47.765857696533203125 47.582977294921875 47.9957733154296875 46.19652557373046875 46.066860198974609375 46.06592559814453125 45.38399505615234375 44.56125640869140625 44.700084686279296875 44.610809326171875 44.306781768798828125 44.164630889892578125 44.53974151611328125 45.294559478759765625 46.396991729736328125 49.224651336669921875 47.1813201904296875 45.8867950439453125 48.8409576416015625 47.525848388671875 43.28382110595703125 40.38899993896484375 39.54503631591796875 40.4759521484375 39.10050201416015625 38.586132049560546875 37.750980377197265625 36.699253082275390625 34.3546905517578125 29.594011306762695312 21.109882354736328125 12.7402496337890625 9.08766937255859375 8.0685720443725585938 12.040286064147949219 19.245208740234375 28.011199951171875 36.770282745361328125 35.574504852294921875 28.418840408325195312 20.53963470458984375 3.3510615825653076172 0.26635557413101196289 1.030178070068359375 2.0786046981811523438 1.1474431753158569336 0
48.250698089599609375 45.623615264892578125 46.06624603271484375 46.56359100341796875 46.781337738037109375 47.089977264404296875 47.438873291015625 47.7024993896484375 46.864543914794921875 46.784595489501953125 47.722095489501953125 48.10131072998046875 48.492218017578125 46.57656097412109375 46.058441162109375 46.03476715087890625 45.515960693359375 44.4221343994140625 44.51345062255859375 44.159603118896484375 43.63623046875 42.91278839111328125 42.3324432373046875 42.440032958984375 42.976459503173828125 45.25594329833984375 42.702396392822265625 42.20081329345703125 41.62035369873046875 43.276149749755859375 43.186321258544921875 37.7961883544921875 39.206218719482421875 39.1431884765625 39.81894683837890625 39.449066162109375 39.31719970703125 38.137409210205078125 36.148090362548828125 31.021879196166992188 22.581218719482421875 15.010321617126464844 14.130739212036132812 14.54270172119140625 12.1336822509765625 15.826808929443359375 23.20404815673828125 32.317535400390625 40.26190948486328125 39.27593994140625 33.416904449462890625 25.65076446533203125 10.756168365478515625 1.7598817348480224609 6.4243559837341308594 10.724761009216308594 12.631269454956054688 13.067230224609375
46.014728546142578125 45.732929229736328125 46.1261138916015625 46.63985443115234375 46.497165679931640625 46.36667633056640625 46.292644500732421875 47.106601715087890625 47.048351287841796875 46.67221832275390625 46.545497894287109375 44.937084197998046875 46.467449188232421875 45.69455718994140625 45.294101715087890625 45.71643829345703125 44.256103515625 43.489238739013671875 43.559787750244140625 43.607982635498046875 43.262981414794921875 42.392810821533203125 41.091949462890625 39.89423370361328125 40.64051055908203125 43.568145751953125 41.30171966552734375 40.309268951416015625 39.78798675537109375 40.493450164794921875 44.839984893798828125 37.8836517333984375 38.402965545654296875 37.625690460205078125 38.008792877197265625 39.754940032958984375 38.689105987548828125 37.5634613037109375 34.622684478759765625 28.877511978149414062 17.9265289306640625 14.927472114562988281 18.61507415771484375 16.770702362060546875 15.629961013793945312 19.982500076293945312 27.648075103759765625 37.076595306396484375 39.403472900390625 40.154911041259765625 39.538730621337890625 31.14058685302734375 20.094995498657226562 9.7160778045654296875 17.339365005493164062 22.989633560180664062 26.400217056274414062 25.77062225341796875
45.70606231689453125 46.20418548583984375 46.060516357421875 46.16863250732421875 47.345981597900390625 47.376445770263671875 47.525768280029296875 46.845111846923828125 47.40777587890625 46.28162384033203125 46.644565582275390625 46.523624420166015625 46.672210693359375 45.111431121826171875 44.743198394775390625 45.060222625732421875 43.35626983642578125 41.966945648193359375 42.2784576416015625 42.815135955810546875 42.246898651123046875 41.89656829833984375 40.40171051025390625 37.57521820068359375 37.89206695556640625 40.737400054931640625 40.713108062744140625 38.20751190185546875 37.58446502685546875 38.326915740966796875 42.37808990478515625 38.281951904296875 35.76575469970703125 35.170848846435546875 34.966991424560546875 37.092418670654296875 37.435333251953125 34.56075286865234375 31.751201629638671875 26.188421249389648438 18.997556686401367188 19.868749618530273438 24.61592864990234375 23.705808639526367188 20.192478179931640625 24.493589401245117188 32.72779083251953125 38.35083770751953125 38.395114898681640625 38.919525146484375 42.34454345703125 39.849308013916015625 36.070095062255859375 34.539226531982421875 35.8929595947265625 33.649768829345703125 30.27794647216796875 22.936349868774414062
