servern/src/esri-grid/belleile.asc
ncols        860
nrows        486
xllcorner    -3.287777777778
yllcorner    47.265416666667
cellsize     0.000277777778
[rows 52 to 77 of 486, columns 116 to 173 of 860]
0 0 0 0 0 0 0 0 0 0 0 0 0 0 0 0 0 2.3105859756469726562 4.8029007911682128906 4.5848846435546875 4.5048766136169433594 11.577811241149902344 12.418360710144042969 10.428713798522949219 13.389423370361328125 16.734951019287109375 20.688970565795898438 23.6453704833984375 24.843534469604492188 24.751878738403320312 24.609003067016601562 24.560918807983398438 24.393512725830078125 23.788118362426757812 23.021739959716796875 21.182577133178710938 17.936771392822265625 13.436727523803710938 13.530217170715332031 19.03241729736328125 22.65293121337890625 23.026773452758789062 22.006998062133789062 18.306138992309570312 11.560985565185546875 6.1246018409729003906 0 0 0 0 0 0 0 0 0 0 0 0
0 0 0 0 0 0 0 0 0 0 0 0 0 0 0 0 0 0 2.140411376953125 5.5884542465209960938 3.8238472938537597656 6.4496335983276367188 5.5903978347778320312 6.7828021049499511719 12.08087921142578125 17.982585906982421875 22.83936309814453125 24.331365585327148438 25.555578231811523438 25.581327438354492188 25.3638763427734375 24.970155715942382812 24.701017379760742188 24.135128021240234375 23.099973678588867188 20.428274154663085938 16.425968170166015625 13.789960861206054688 18.075471878051757812 22.344823837280273438 23.565832138061523438 23.892826080322265625 23.40935516357421875 22.697374343872070312 20.538984298706054688 18.41146087646484375 14.56996917724609375 3.6403272151947021484 0.70256966352462768555 0 0 0 0 0 0 0 0 0
0 0 0 0 0 0 0 0 0 0 0 0 0 0 0 0 0 0 0 0 2.2739202976226806641 0.66016447544097900391 0.40556639432907104492 4.5914940834045410156 9.5971355438232421875 20.055828094482421875 23.860263824462890625 24.695856094360351562 25.361652374267578125 25.96692657470703125 26.937938690185546875 27.422380447387695312 25.340831756591796875 23.885835647583007812 22.59413909912109375 20.2703704833984375 17.957004547119140625 17.516603469848632812 19.281885147094726562 23.058290481567382812 24.299135208129882812 24.407785415649414062 24.066501617431640625 23.602643966674804688 22.784189224243164062 21.814037322998046875 18.458292007446289062 11.476991653442382812 4.2822351455688476562 1.7314749956130981445 0 0 0 0 0 0 0 0
0 0 0 0 0 0 0 0 0 0 0 0 0 0 0 0 0 0 0 0 1.0932621955871582031 -0.34149125218391418457 0.34089764952659606934 4.9492211341857910156 11.164621353149414062 21.675165176391601562 24.396871566772460938 25.2490692138671875 26.138441085815429688 26.294034957885742188 26.615507125854492188 27.385829925537109375 25.06558990478515625 23.866847991943359375 22.533529281616210938 21.693098068237304688 23.205997467041015625 22.162624359130859375 19.708730697631835938 22.642484664916992188 24.369112014770507812 24.531635284423828125 24.625202178955078125 24.343517303466796875 23.368206024169921875 22.12665557861328125 19.654203414916992188 16.988889694213867188 13.497770309448242188 6.8506855964660644531 0 0 0 0 0 0 0 0
0 0 0 0 0 0 0 0 0 0 0 0 0 0 0 0 0 0 0 3.8036637306213378906 3.7222867012023925781 0.25516402721405029297 4.5386853218078613281 11.843416213989257812 18.724191665649414062 23.558233261108398438 24.634479522705078125 25.5823822021484375 26.36727142333984375 25.984607696533203125 26.900226593017578125 26.044988632202148438 25.712064743041992188 24.389570236206054688 24.071018218994140625 27.372379302978515625 27.26364898681640625 25.084720611572265625 22.929704666137695312 23.296079635620117188 24.84410858154296875 24.837646484375 25.135332107543945312 24.590230941772460938 23.936954498291015625 22.879169464111328125 21.24295806884765625 16.668365478515625 7.9302349090576171875 0 0 0 0 0 0 0 0 0
0 0 0 0 0 0 0 0 0 0 0 0 0 0 0 0.26469376683235168457 0.4797541499137878418 4.7066121101379394531 6.1199135780334472656 10.410491943359375 9.8119335174560546875 5.9595289230346679688 14.429171562194824219 17.548078536987304688 21.121540069580078125 23.69720458984375 24.835981369018554688 25.415052413940429688 26.012239456176757812 26.339624404907226562 26.31682586669921875 26.3595123291015625 26.710300445556640625 26.095228195190429688 26.136468887329101562 27.247579574584960938 28.101503372192382812 26.48160552978515625 24.887340545654296875 24.962696075439453125 25.030513763427734375 25.199497222900390625 25.318267822265625 24.976573944091796875 24.302272796630859375 23.07831573486328125 21.130105972290039062 15.62920379638671875 6.5379853248596191406 0 0 0 0 0 0 0 0 0
0 0 0 0 0 0 0 0 0 0 0 0 0 0 0 1.0132902860641479492 4.3878598213195800781 8.6899051666259765625 6.2356104850769042969 9.97931671142578125 7.0725469589233398438 6.8640704154968261719 17.142396926879882812 18.887285232543945312 20.807903289794921875 23.295780181884765625 24.342367172241210938 24.5982513427734375 25.242578506469726562 25.77179718017578125 25.73152923583984375 25.13805389404296875 26.762289047241210938 29.3930511474609375 28.773115158081054688 29.023406982421875 26.719079971313476562 25.691110610961914062 25.5550689697265625 25.684406280517578125 25.253877639770507812 25.444173812866210938 25.008623123168945312 24.764652252197265625 24.549047470092773438 23.52603912353515625 22.303554534912109375 19.049886703491210938 11.849786758422851562 0 0 0 0 0 0 0 0 0
0 0 0 0 0 0 0 0 0 0 0 0 0 0 0 0.42182239890098571777 2.3404009342193603516 3.2857022285461425781 1.2045161724090576172 2.3414373397827148438 7.0955700874328613281 12.625887870788574219 18.7142333984375 19.127534866333007812 20.143367767333984375 21.928670883178710938 22.97153472900390625 24.17656707763671875 24.227891921997070312 24.188287734985351562 25.00421142578125 25.130435943603515625 25.531055450439453125 27.71977996826171875 28.95693206787109375 27.315427780151367188 25.853151321411132812 25.808382034301757812 25.547876358032226562 25.723621368408203125 25.702856063842773438 25.53525543212890625 25.411458969116210938 24.735551834106445312 23.7284088134765625 22.396600723266601562 19.073781967163085938 14.091518402099609375 7.382717132568359375 0 0 0 0 0 0 0 0 0
0 0 0 0 0 0 0 0 0 0 0 0 0 0 0 0 0.56464439630508422852 0.51219761371612548828 1.1742904186248779297 0.88969600200653076172 2.4718215465545654297 5.1132822036743164062 7.6664686203002929688 12.251974105834960938 16.988433837890625 22.2132720947265625 23.652019500732421875 23.657175064086914062 24.049846649169921875 24.5528411865234375 25.038791656494140625 25.323211669921875 25.81008148193359375 26.434604644775390625 26.987596511840820312 26.128190994262695312 25.492292404174804688 25.895273208618164062 25.379499435424804688 25.639354705810546875 25.727108001708984375 25.42227935791015625 25.034297943115234375 23.901281356811523438 21.482273101806640625 18.200649261474609375 15.200357437133789062 11.1985015869140625 2.4416759014129638672 0.60944306850433349609 0.11027584224939346313 0 0 0 0 0 0 0
0 0 0 0 0 0 0 0 0 0 0 0 0 0 0 0 0 0.11005046963691711426 1.7051482200622558594 0.45272690057754516602 0.5595912933349609375 5.3870487213134765625 6.2979950904846191406 13.676907539367675781 20.796962738037109375 23.05263519287109375 23.616336822509765625 23.801456451416015625 24.671260833740234375 25.448060989379882812 25.753065109252929688 25.425806045532226562 26.000621795654296875 25.995325088500976562 26.569829940795898438 26.342149734497070312 25.687602996826171875 25.901805877685546875 25.583356857299804688 25.507268905639648438 25.748559951782226562 25.281538009643554688 24.87432098388671875 24.338275909423828125 23.924709320068359375 21.965181350708007812 20.707609176635742188 17.789506912231445312 11.808104515075683594 3.6304526329040527344 0.84423965215682983398 3.0431363582611083984 3.0080630779266357422 0 0 0 0 0
0 0 0 0 0 0 0 0 0 0 0 0 0 0 0 0 0 0.40760654211044311523 1.1093801259994506836 2.5010936260223388672 6.1571807861328125 10.960982322692871094 14.877080917358398438 21.216016769409179688 23.186183929443359375 23.648172378540039062 24.174404144287109375 24.741725921630859375 25.177318572998046875 25.836763381958007812 26.057567596435546875 26.554376602172851562 26.448144912719726562 25.970806121826171875 26.2807769775390625 26.45275115966796875 26.291925430297851562 25.877882003784179688 25.931468963623046875 25.805660247802734375 26.025615692138671875 25.581029891967773438 25.314666748046875 25.211606979370117188 24.448276519775390625 23.446050643920898438 21.721414566040039062 17.620861053466796875 12.699328422546386719 8.1505527496337890625 9.06233978271484375 12.884312629699707031 10.139039039611816406 7.5279712677001953125 0 0 0 0
0 0 0 0 0 0 0 0 0 0 0 0 0 0 0 0 0 0.54223942756652832031 1.8138204813003540039 6.8630576133728027344 14.985088348388671875 17.437793731689453125 19.85869598388671875 20.74001312255859375 22.208675384521484375 23.43485260009765625 24.389722824096679688 25.492719650268554688 25.624546051025390625 26.268014907836914062 26.281663894653320312 26.399370193481445312 26.859630584716796875 26.505605697631835938 26.374258041381835938 26.346099853515625 27.167835235595703125 26.29506683349609375 26.138309478759765625 26.378248214721679688 26.01494598388671875 26.130891799926757812 25.300846099853515625 25.197259902954101562 24.679523468017578125 23.3455047607421875 21.11333465576171875 19.076868057250976562 16.338270187377929688 16.955308914184570312 19.231201171875 21.950929641723632812 22.62310028076171875 21.683866500854492188 15.573969841003417969 9.3019552230834960938 5.6900296211242675781 0
0 0 0 0 0 0 0 0 0 0 0 0 0 0 0 0 0 0.28204616904258728027 1.4659748077392578125 6.4810638427734375 17.098318099975585938 17.57117462158203125 10.55306243896484375 10.006053924560546875 14.402115821838378906 18.722780227661132812 22.258581161499023438 24.968410491943359375 25.879068374633789062 26.278379440307617188 26.722805023193359375 26.783540725708007812 27.296701431274414062 27.074266433715820312 26.621707916259765625 26.545207977294921875 27.1053314208984375 26.88967132568359375 26.3071136474609375 26.345769882202148438 26.360017776489257812 26.5504302978515625 26.184038162231445312 25.06756591796875 24.840761184692382812 26.330163955688476562 25.527261734008789062 24.739896774291992188 24.17653656005859375 25.013345718383789062 25.490703582763671875 25.608942031860351562 25.386796951293945312 25.21738433837890625 23.863756179809570312 21.82474517822265625 21.321866989135742188 16.044681549072265625
0 0 0 0 0 0 0 0 0 0 0 0 0 0 0 0 0 0 0 1.5956051349639892578 5.8065457344055175781 5.9179334640502929688 5.0551166534423828125 5.4498357772827148438 10.540792465209960938 14.048146247863769531 17.499708175659179688 22.466304779052734375 25.89423370361328125 27.001611709594726562 27.208187103271484375 27.266658782958984375 27.440967559814453125 27.705718994140625 27.444431304931640625 27.505535125732421875 27.60608673095703125 27.506511688232421875 27.3257598876953125 27.24788665771484375 27.142942428588867188 27.075017929077148438 26.596582412719726562 26.15433502197265625 26.540903091430664062 27.340780258178710938 26.728885650634765625 27.07128143310546875 26.883142471313476562 26.83110809326171875 26.657487869262695312 26.6314849853515625 26.22968292236328125 26.341869354248046875 25.928411483764648438 24.64131927490234375 23.78881072998046875 21.950321197509765625
0 0 0 0 0 0 0 0 0 0 0 0 0 0 0 0 0 0 0 0 0 0 0 2.7847635746002197266 6.8253102302551269531 11.960554122924804688 18.6254119873046875 23.614965438842773438 26.33690643310546875 27.091228485107421875 27.480775833129882812 27.68407440185546875 27.538858413696289062 28.090435028076171875 28.187953948974609375 27.813898086547851562 27.462743759155273438 27.841882705688476562 28.212444305419921875 27.7468109130859375 27.273250579833984375 27.380306243896484375 27.835269927978515625 27.701799392700195312 27.584569931030273438 26.981891632080078125 27.254306793212890625 27.534727096557617188 27.456073760986328125 27.333042144775390625 26.998331069946289062 27.036119461059570312 26.677537918090820312 26.6117706298828125 26.030725479125976562 25.83786773681640625 24.449792861938476562 23.827013015747070312
0 0 0 0 0 0 0 0 0 0 0 0 0 0 0 0 0 0 0 0 0 0 0 3.7057719230651855469 5.6861553192138671875 10.245973587036132812 17.494386672973632812 22.893833160400390625 26.07048797607421875 27.313180923461914062 27.73413848876953125 28.123584747314453125 28.165775299072265625 28.289058685302734375 28.505817413330078125 28.327037811279296875 28.30832672119140625 27.853923797607421875 27.901706695556640625 28.328592300415039062 27.723260879516601562 28.255725860595703125 28.041326522827148438 27.596042633056640625 27.739984512329101562 27.345691680908203125 27.370134353637695312 27.202619552612304688 27.216461181640625 26.8322906494140625 26.640810012817382812 26.43798065185546875 26.441028594970703125 26.582509994506835938 26.385204315185546875 25.794565200805664062 24.933038711547851562 23.992290496826171875
0 0 0 0 0 0 0 0 0 0 0 0 0 0 0 0 0 0 0 0 0 0 0 6.2050256729125976562 4.6886963844299316406 7.0684084892272949219 13.022377967834472656 18.717342376708984375 25.278673171997070312 27.304338455200195312 27.546085357666015625 28.12534332275390625 28.18230438232421875 28.2738800048828125 28.526378631591796875 28.71213531494140625 28.485052108764648438 28.42364501953125 28.644756317138671875 29.62856292724609375 28.57878875732421875 28.7252655029296875 28.23809814453125 28.2420501708984375 27.658094406127929688 27.536840438842773438 27.633794784545898438 27.604379653930664062 27.371959686279296875 26.780557632446289062 26.676942825317382812 26.821638107299804688 26.270311355590820312 25.807306289672851562 26.007305145263671875 25.3152618408203125 25.04327392578125 24.766626358032226562
0 0 0 0 0 0 0 0 0 0 0 0 0 0 0 0 0 0 0 0 0 0.61009424924850463867 -0.16192798316478729248 -0.38518375158309936523 -0.066521465778350830078 3.1790473461151123047 11.736960411071777344 21.536886215209960938 27.141040802001953125 28.142248153686523438 28.185182571411132812 28.897308349609375 28.791881561279296875 28.587732315063476562 28.962871551513671875 29.067995071411132812 28.503368377685546875 28.571699142456054688 28.6222991943359375 29.261541366577148438 29.448938369750976562 29.69952392578125 29.145963668823242188 28.133317947387695312 27.702539443969726562 27.7352752685546875 27.8310394287109375 27.483518600463867188 27.193994522094726562 26.797460556030273438 26.582065582275390625 26.780698776245117188 26.405576705932617188 26.125467300415039062 25.311120986938476562 23.9743194580078125 23.025949478149414062 22.992490768432617188
0 0 0 0 0 0 0 0 0 0 0 0 0 0 0 0 0 0 0.35702922940254211426 1.4785920381546020508 5.2099332809448242188 11.232320785522460938 11.130263328552246094 1.9226261377334594727 1.3390817642211914062 6.011112213134765625 13.961633682250976562 24.5996856689453125 28.751926422119140625 28.662563323974609375 28.694622039794921875 29.240396499633789062 29.61407470703125 29.328067779541015625 29.414255142211914062 29.42242431640625 28.53743743896484375 29.213794708251953125 28.920398712158203125 29.289857864379882812 29.484506607055664062 30.455537796020507812 30.5958099365234375 29.002008438110351562 28.119134902954101562 27.600133895874023438 27.346408843994140625 27.347024917602539062 27.272624969482421875 27.001523971557617188 26.977323532104492188 27.542390823364257812 26.688493728637695312 26.036830902099609375 25.427988052368164062 24.530853271484375 22.85936737060546875 20.923160552978515625
0 0 0 0 0 0 0 0 0 0 0 0.26620614528656005859 0.29857787489891052246 0.12434693425893783569 0.079187266528606414795 0.31560623645782470703 0 0 0.49995958805084228516 3.3263881206512451172 11.547903060913085938 25.447938919067382812 27.236736297607421875 16.651163101196289062 14.255598068237304688 19.63714599609375 25.11058807373046875 28.274347305297851562 29.135210037231445312 28.8963470458984375 28.9131927490234375 28.979784011840820312 29.214237213134765625 29.30353546142578125 29.514354705810546875 29.314847946166992188 29.053867340087890625 29.162944793701171875 30.089260101318359375 30.20081329345703125 30.885866165161132812 30.24668121337890625 32.0767822265625 31.169389724731445312 29.367696762084960938 28.01088714599609375 27.458959579467773438 27.59024810791015625 27.280132293701171875 26.724950790405273438 27.684299468994140625 27.336820602416992188 26.177104949951171875 26.029170989990234375 25.622880935668945312 25.23313140869140625 24.719341278076171875 23.107196807861328125
0 0 0 0 0 0 0 0 0 0 0 0 0.3930905461311340332 0.25292468070983886719 0.010483316145837306976 -0.25569236278533935547 -0.033504139631986618042 0.25629407167434692383 0.52735620737075805664 2.3186762332916259766 7.4467158317565917969 14.268086433410644531 20.638027191162109375 20.362163543701171875 22.235012054443359375 26.327245712280273438 28.376613616943359375 29.52895355224609375 29.852764129638671875 29.448789596557617188 29.644548416137695312 29.391668319702148438 29.393346786499023438 29.5229644775390625 29.120855331420898438 29.338781356811523438 29.213666915893554688 29.010797500610351562 29.523418426513671875 29.743114471435546875 29.708530426025390625 28.968946456909179688 30.192117691040039062 30.682886123657226562 29.08667755126953125 28.465915679931640625 28.05918121337890625 27.480844497680664062 27.083377838134765625 27.038129806518554688 26.783521652221679688 26.405467987060546875 25.935115814208984375 25.464756011962890625 24.422498703002929688 24.04247283935546875 23.574985504150390625 23.817295074462890625
0 0 0 0 0 0 0 0 0 0 0 0 0.26169058680534362793 0.20316907763481140137 0.30994555354118347168 0.55459290742874145508 0.57599085569381713867 0.99997502565383911133 0.29002401232719421387 0.77586805820465087891 1.1422203779220581055 0 0 6.4490370750427246094 15.992021560668945312 22.83695220947265625 26.400136947631835938 28.168155670166015625 29.3303985595703125 29.439142227172851562 28.771923065185546875 29.391956329345703125 29.478885650634765625 29.311664581298828125 29.5355682373046875 29.657367706298828125 29.51045989990234375 29.19530487060546875 29.088436126708984375 29.230566024780273438 28.717189788818359375 28.995874404907226562 28.042545318603515625 27.432714462280273438 25.9469757080078125 26.28301239013671875 26.956930160522460938 27.590320587158203125 27.111745834350585938 26.538846969604492188 26.0333404541015625 25.91817474365234375 25.312749862670898438 24.1929168701171875 22.060319900512695312 19.239488601684570312 18.249584197998046875 19.649059295654296875
0 0 0 0 0 0 0 0 0 0 0 0 0 0.054870594292879104614 0.17751891911029815674 0.36121219396591186523 1.0218698978424072266 0 0 0 0 0 0 4.6133646965026855469 15.480639457702636719 22.807891845703125 27.137218475341796875 28.635097503662109375 29.754253387451171875 29.79529571533203125 29.0891265869140625 29.437713623046875 29.402208328247070312 29.042201995849609375 28.566125869750976562 28.774295806884765625 28.168302536010742188 27.684076309204101562 27.020429611206054688 26.577968597412109375 26.656599044799804688 26.859006881713867188 26.769556045532226562 25.63714599609375 24.25107574462890625 23.759183883666992188 24.486635208129882812 24.598054885864257812 25.052371978759765625 25.13687896728515625 25.17493438720703125 25.0204010009765625 24.6073760986328125 23.52719879150390625 21.604543685913085938 18.651514053344726562 15.354615211486816406 14.284741401672363281
0 0 0 0 0 0 0 0 0 0 0 0 0 0 0 0 0 0 0 0 0 0 0 9.7031116485595703125 19.640588760375976562 25.541698455810546875 31.971399307250976562 30.29637908935546875 30.0337066650390625 29.985307693481445312 29.824125289916992188 29.606166839599609375 29.36358642578125 29.27118682861328125 28.686046600341796875 28.014009475708007812 27.04961395263671875 26.337312698364257812 25.47844696044921875 25.060558319091796875 24.435922622680664062 23.794725418090820312 22.62457275390625 22.190900802612304688 21.15659332275390625 20.689435958862304688 19.765108108520507812 20.318042755126953125 19.698614120483398438 19.134998321533203125 21.24896240234375 22.801708221435546875 21.687959671020507812 19.06267547607421875 15.798171043395996094 14.194569587707519531 13.87891387939453125 13.007213592529296875
0 0 0 0 0 0 0 0 0 0 0 0 0 0 0 0 0 0 0 0 0 0 5.0142431259155273438 15.245296478271484375 23.8661956787109375 29.79100799560546875 29.667558670043945312 29.853410720825195312 30.339746475219726562 30.021661758422851562 29.822702407836914062 29.770147323608398438 29.376239776611328125 29.153285980224609375 28.649143218994140625 27.848417282104492188 27.253171920776367188 26.23130035400390625 26.357440948486328125 26.072874069213867188 25.935474395751953125 25.347103118896484375 24.639513015747070312 23.598789215087890625 22.223041534423828125 21.28115081787109375 19.959146499633789062 19.198541641235351562 18.875728607177734375 15.924134254455566406 15.647652626037597656 16.505285263061523438 17.42724609375 16.207757949829101562 14.570574760437011719 11.853423118591308594 12.406530380249023438 12.368183135986328125
0 0 0 0 0 0 0 0 0 0 0 0 0 0 0 0 0 0 0 0 2.0698456764221191406 5.3126878738403320312 12.323557853698730469 18.7675628662109375 24.962358474731445312 29.413816452026367188 29.810070037841796875 29.952493667602539062 29.599695205688476562 29.881778717041015625 29.926755905151367188 30.04474639892578125 29.957492828369140625 29.300689697265625 29.283191680908203125 28.636297225952148438 27.976545333862304688 27.203573226928710938 27.341358184814453125 27.494649887084960938 28.0045318603515625 27.995351791381835938 28.179368972778320312 27.474842071533203125 26.8425750732421875 25.793516159057617188 24.691434860229492188 24.182313919067382812 23.729688644409179688 19.36498260498046875 15.667888641357421875 15.107956886291503906 15.253096580505371094 14.061067581176757812 16.785131454467773438 20.390460968017578125 22.384128570556640625 22.15563201904296875
